Epoch	AverageEpRet	StdEpRet	MaxEpRet	MinEpRet	EpLen	AverageVVals	StdVVals	MaxVVals	MinVVals	TotalEnvInteracts	LossPi	LossV	DeltaLossPi	DeltaLossV	Entropy	KL	ClipFrac	StopIter	Time
0	116.28394	32.50251	229.97421	76.63933	23.8503	0.022529049	0.23717566	0.78146213	-0.77348965	4000	8.964538e-08	3995.445	-0.024603132	-2304.1191	0.9189439	0.04674912	0.484	1.0	8.306766748428345
1	121.72877	40.723873	266.31003	76.72028	24.826086	28.178488	0.20490143	28.190027	17.514776	8000	1.8119811e-08	2057.3826	-0.01933067	-711.4199	0.9190327	0.026438346	0.4125	1.0	15.846944808959961
2	123.75536	37.11244	235.33113	72.16087	25.280254	43.519985	3.398374	43.834778	-38.516594	12000	-4.529953e-08	1319.031	-0.015865525	-302.38947	0.9190254	0.02080244	0.3215	1.0	23.33032202720642
3	129.88863	46.748646	317.47983	76.8969	26.223684	50.83634	7.095968	53.404415	-37.040688	16000	-2.6226044e-08	1387.9	-0.03251719	-709.1393	0.9190234	0.024456186	0.39025	2.0	31.030515670776367
4	132.73366	44.247604	322.11304	76.906425	26.952703	51.73583	19.622925	66.17415	-39.84477	20000	-4.053116e-08	722.74	-0.03343669	-317.59015	0.9189198	0.025380574	0.3275	2.0	38.57045078277588
5	146.3421	53.054924	332.83536	77.049866	29.614815	57.685173	23.324371	76.328835	-29.60576	24000	-5.00679e-08	827.13226	-0.031889874	-391.26285	0.91878647	0.025201278	0.35475	2.0	46.237523794174194
6	164.16803	69.85035	435.7454	76.94301	33.0	63.394627	26.26064	86.3414	-20.166342	28000	3.9339065e-09	1196.8817	-0.04184689	-614.1857	0.91860366	0.023090493	0.40125	3.0	54.2789843082428
7	175.53207	69.12063	390.34427	81.67328	35.150444	72.15439	30.365091	97.91107	-13.715564	32000	5.0544738e-08	999.1954	-0.030149193	-558.0425	0.91831785	0.01765929	0.273	2.0	62.63377809524536
8	185.93097	69.30632	437.69693	81.80017	37.04673	75.77256	33.607014	106.97466	-19.309671	36000	-7.867813e-09	1063.4819	-0.02541589	-678.6638	0.91817546	0.01866867	0.29675	2.0	70.99324011802673
9	204.39583	76.68231	376.16162	86.50957	40.8125	81.59225	35.234707	114.3207	-53.06686	40000	-8.106232e-09	1331.2262	-0.026279595	-874.43256	0.91805685	0.024884606	0.293	2.0	79.4205801486969
10	217.31015	82.73989	416.4717	77.24291	43.29348	88.41629	38.78329	123.68963	-59.800236	44000	1.4781952e-08	1368.2601	-0.026061924	-1002.4351	0.9179445	0.019258661	0.3115	2.0	87.79429745674133
11	255.55286	81.72446	496.83398	89.72852	51.03846	92.3633	39.365776	130.39877	-36.433853	48000	-2.7418137e-08	1601.0085	-0.021737933	-1242.4762	0.91783303	0.015235025	0.32075	2.0	96.65381574630737
12	266.71805	80.62311	476.14096	93.30039	52.8	101.684784	40.976017	138.58688	-31.542936	52000	3.695488e-08	1331.1531	-0.022594813	-1045.9629	0.91770786	0.019496704	0.31175	2.0	106.91360068321228
13	278.80713	77.11248	473.95068	92.71408	54.739727	100.69139	44.623993	145.6459	-19.220758	56000	4.053116e-09	1284.1296	-0.022281025	-1050.9998	0.9175542	0.021683227	0.3035	2.0	115.49193072319031
14	295.20752	70.778145	452.54462	127.839676	59.119404	108.84555	45.475388	151.98093	-20.227772	60000	1.001358e-08	1232.7782	-0.0183067	-1065.9849	0.9173901	0.019688897	0.29175	2.0	124.45462560653687
15	331.1703	80.004974	599.16907	160.18364	64.22951	106.76334	46.80855	157.2046	-32.49459	64000	1.001358e-08	1604.4338	-0.020016309	-1377.3387	0.9172087	0.019153267	0.27675	2.0	133.06937718391418
16	337.59207	90.05523	585.09235	97.95996	65.833336	120.53754	47.549995	165.19276	-9.472066	68000	1.9311905e-08	1382.2457	-0.019020628	-1178.5647	0.9170419	0.019527981	0.29575	2.0	142.03564047813416
17	333.96973	78.01746	586.7416	175.10564	64.03226	121.997	50.426834	171.20009	-21.731194	72000	7.510185e-09	1138.2378	-0.018806286	-994.8432	0.9168555	0.017202605	0.2715	2.0	151.11301922798157
18	338.3445	71.98154	545.3586	180.18938	65.2623	120.89143	50.443024	174.88707	-39.328915	76000	4.2915342e-09	980.82434	-0.01829334	-874.0197	0.9166742	0.021440396	0.287	2.0	159.7651286125183
19	342.12662	84.709206	691.4572	175.30235	67.067795	118.39866	52.037174	177.79308	-34.77034	80000	4.005432e-08	1119.7173	-0.019024516	-998.45337	0.9165062	0.02000771	0.297	2.0	168.3863787651062
20	343.84094	73.197655	540.5093	180.9717	67.0	120.05612	51.778416	180.36789	-35.829884	84000	9.298325e-09	865.2023	-0.017501235	-777.298	0.9163912	0.019739283	0.29275	2.0	176.98887038230896
21	334.89517	69.44158	519.5109	188.13913	65.683334	117.91586	52.84847	182.16774	-36.76716	88000	-1.192093e-10	851.6951	-0.018574657	-780.88965	0.91628623	0.017136801	0.24875	2.0	185.86370539665222
22	320.89334	63.65262	515.53076	205.43843	62.015625	119.78528	51.53094	183.28421	-17.672667	92000	-6.6757204e-09	734.0809	-0.016906284	-667.81683	0.9161808	0.01672797	0.21475	2.0	194.55621075630188
23	342.82745	93.318565	669.48376	200.80931	66.166664	120.58514	50.81879	183.80605	-74.59433	96000	2.8133393e-08	863.4888	-0.01827533	-747.6286	0.9160777	0.015598441	0.26825	2.0	203.6750111579895
24	365.16705	98.35853	822.7594	252.90765	70.17857	123.56295	51.76069	187.31097	-33.40469	100000	-1.9073487e-09	899.3223	-0.017019456	-769.48535	0.9160035	0.017857298	0.2695	2.0	212.5309453010559
25	336.25156	70.45144	533.6391	205.22162	64.508194	125.556854	54.38251	191.88577	-27.144062	104000	-5.00679e-09	671.47375	-0.029993426	-622.3646	0.91592824	0.022141581	0.3235	3.0	221.4794626235962
26	361.3658	75.4343	603.3656	237.97617	69.36842	124.65642	51.392315	191.56628	-45.82277	108000	-2.336502e-08	685.5304	-0.028879719	-616.769	0.91590273	0.019661019	0.3565	3.0	230.50828957557678
27	367.6535	101.084015	788.42645	202.18373	72.03636	122.82805	57.52707	194.44406	-67.47232	112000	-3.385544e-08	950.7902	-0.021704258	-862.3491	0.9158987	0.01774326	0.20825	2.0	239.3242609500885
28	341.374	77.31476	668.1231	198.90404	66.066666	127.5959	54.961235	196.44325	-60.98461	116000	-5.9604645e-08	685.281	-0.026677437	-619.16113	0.9158554	0.01725025	0.32675	3.0	248.37224292755127
29	348.5283	76.00687	548.10345	221.18092	67.08475	123.30182	53.0739	195.82281	-46.471558	120000	-1.3947487e-08	575.4778	-0.032308426	-521.37195	0.91580534	0.026449202	0.33975	3.0	257.25540924072266
30	358.9063	77.54849	569.6755	224.12419	68.82758	126.2142	53.56066	198.47223	-24.954828	124000	9.536743e-09	612.5916	-0.029397503	-558.7021	0.9157564	0.015151803	0.28675	3.0	266.1953251361847
31	354.79593	80.46043	628.7392	218.14473	68.086205	124.09709	55.600746	200.56229	-40.902954	128000	3.7670137e-08	679.3005	-0.030683981	-618.7638	0.9156946	0.024459923	0.33825	3.0	275.0997941493988
32	361.02005	101.21282	683.2316	206.03308	69.75439	128.10022	53.69269	201.04745	-64.61384	132000	3.2305717e-08	742.03674	-0.03001142	-664.89874	0.91554844	0.018593784	0.2995	3.0	284.11812829971313
33	355.47635	76.765396	532.92957	199.01074	68.67242	124.35337	56.751076	204.75223	-27.219744	136000	3.71933e-08	601.63715	-0.022283804	-558.213	0.9153306	0.017806029	0.24175	2.0	292.86941504478455
34	344.88998	64.45482	514.6353	218.04582	67.42373	124.10748	54.69423	205.20984	-47.853844	140000	-1.7642975e-08	588.7619	-0.018493632	-549.912	0.9151837	0.01739415	0.26475	2.0	301.9922330379486
35	368.02783	98.07251	716.9005	232.90427	71.16071	123.01637	53.834442	201.28178	-34.51016	144000	-2.4795533e-08	620.1091	-0.015669703	-563.8585	0.91506654	0.018960534	0.2805	2.0	310.93143486976624
36	361.30124	100.61042	843.2842	178.19559	69.40351	127.23323	55.442936	206.36328	-31.806507	148000	2.1219254e-08	606.23804	-0.018579312	-536.2406	0.9149964	0.015579021	0.259	2.0	319.65360593795776
37	364.20844	74.31596	694.3822	254.02972	70.070175	125.64822	55.281757	208.28519	-25.852648	152000	-3.4809112e-08	519.94336	-0.015178017	-486.0471	0.9149067	0.026946602	0.3275	2.0	328.4732131958008
38	364.056	82.1695	613.52185	162.20943	70.75	128.89168	54.18895	205.55083	-14.204283	156000	7.152557e-09	598.19476	-0.01982232	-543.2417	0.91483104	0.016661003	0.277	2.0	337.57969784736633
39	367.66763	81.588646	594.0747	237.45015	70.46429	127.033936	55.19568	209.01993	-5.042595	160000	2.1457673e-08	502.72778	-0.016831484	-465.03848	0.91475505	0.024417847	0.34525	2.0	346.4264078140259
40	372.39447	84.548874	640.8981	232.12773	72.32727	127.16219	55.064922	210.24643	-25.380848	164000	3.695488e-09	661.0994	-0.024875404	-608.3024	0.91469675	0.018503064	0.34825	3.0	356.88128566741943
41	390.88153	112.84493	957.1858	199.18344	75.61539	130.4332	55.58098	208.49248	-50.001175	168000	6.6757204e-09	740.8995	-0.02222118	-676.72034	0.91462886	0.017531654	0.234	2.0	366.2198143005371
42	379.86227	91.97507	723.5339	225.28877	73.40741	132.13573	57.021904	214.80997	-52.97641	172000	1.3351441e-08	614.11523	-0.024745703	-573.5634	0.91460675	0.0174328	0.33575	3.0	375.2630817890167
43	376.49777	83.10409	596.5118	218.38171	73.94444	128.97006	57.549953	213.41675	-29.683418	176000	1.5497207e-08	585.6045	-0.030078879	-548.4269	0.9145639	0.020611733	0.3415	3.0	384.3795974254608
44	377.08713	81.56422	642.3748	263.69366	73.296295	128.25383	56.32826	210.38013	-64.99224	180000	-1.1920929e-08	522.7321	-0.02132364	-485.34027	0.91446435	0.015524147	0.188	2.0	393.70817255973816
45	370.66846	76.18114	609.47986	251.41571	72.34545	128.14534	56.986305	217.41914	-44.13478	184000	-1.4305114e-08	524.11255	-0.017048819	-492.04572	0.91440946	0.019418316	0.24125	2.0	403.7657811641693
46	360.99463	75.24062	552.01166	213.5638	69.77193	125.92861	55.642178	211.02545	-46.923542	188000	-3.015995e-08	431.61545	-0.018597342	-402.50372	0.9143827	0.018073829	0.26725	2.0	413.2434251308441
47	380.02423	99.388405	714.5109	216.04561	74.01852	124.519714	54.265938	213.07988	-41.658855	192000	3.1352045e-08	652.8842	-0.02060907	-607.4943	0.9143428	0.01546805	0.24175	2.0	422.88632345199585
48	357.87268	69.437904	530.23303	207.69716	69.03509	129.5397	57.46243	217.72118	-45.978363	196000	4.863739e-08	739.0282	-0.024710935	-692.25934	0.91429156	0.019974696	0.3945	3.0	432.5188629627228
49	336.2121	71.87986	547.4267	186.14775	65.42623	123.54935	56.262745	213.93071	-26.585983	200000	-2.0503998e-08	620.42285	-0.030814957	-582.522	0.91423285	0.023035701	0.374	3.0	441.5129482746124
50	356.51474	85.270195	635.8298	189.36613	68.82456	123.44791	53.62902	213.69402	-21.320261	204000	1.525879e-08	627.93835	-0.021270407	-588.5182	0.91418207	0.015880264	0.19175	2.0	450.5170269012451
51	375.54333	86.11692	646.9444	217.63199	73.09259	128.85072	54.48786	214.84428	-29.792795	208000	1.1086464e-08	551.242	-0.027051622	-517.0917	0.91420895	0.023422591	0.37125	3.0	459.8863308429718
52	374.39462	74.838806	630.547	189.98529	72.12727	126.43499	56.504055	213.83917	-45.02987	212000	-3.5762786e-09	605.37396	-0.030044788	-573.52704	0.91425556	0.02051498	0.35275	3.0	468.9146640300751
53	349.26044	69.93853	538.33594	105.25219	67.254234	129.06522	56.03388	220.252	-28.857697	216000	1.0609627e-08	483.28622	-0.04245211	-448.06653	0.9142385	0.016870076	0.332	4.0	479.4654302597046
54	369.80878	74.90081	603.995	242.80043	71.56364	124.11431	54.65193	211.78676	-44.333153	220000	-6.437302e-09	488.13925	-0.03169897	-454.76578	0.9141792	0.0151340375	0.3315	3.0	488.71840739250183
55	369.08432	78.04791	560.4677	202.00859	70.71429	127.80235	56.39111	219.38382	-51.225754	224000	1.525879e-08	465.45334	-0.029859794	-433.47192	0.91416883	0.018083503	0.32375	3.0	497.7853651046753
56	364.23358	81.84782	773.96466	248.00912	70.41071	127.69182	55.80589	221.11064	-20.756159	228000	3.1471252e-08	453.16467	-0.029695805	-422.27032	0.91412205	0.019960517	0.33975	3.0	507.4106619358063
57	365.40512	89.82036	641.80664	235.71924	70.46429	128.43604	55.28635	217.79199	-41.234573	232000	-6.9141386e-09	589.20746	-0.022864075	-548.2195	0.91406655	0.020572497	0.22525	2.0	516.4260356426239
58	399.2772	93.53137	743.60175	233.50665	76.21154	132.95984	55.4885	219.9924	-15.483808	236000	-1.9609928e-08	550.0945	-0.015685638	-517.65607	0.9140333	0.018582528	0.30125	2.0	525.4476838111877
59	369.63345	87.06094	672.99194	234.11517	70.8	132.72585	56.76919	227.91698	-20.131914	240000	2.861023e-09	656.3866	-0.028678395	-617.9301	0.9139607	0.021896675	0.363	3.0	534.6580765247345
60	377.91656	78.31482	594.83496	217.0188	71.41071	128.94977	57.540874	220.27429	-6.8370333	244000	6.198883e-09	507.88123	-0.031863995	-476.7477	0.9138518	0.019627707	0.32025	3.0	543.8205845355988
61	388.34116	83.70285	741.84503	264.2036	74.37736	132.79153	56.712204	228.80496	-52.482197	248000	2.8610229e-08	500.91647	-0.029612692	-477.5366	0.9136771	0.023748	0.328	3.0	552.9672131538391
62	369.77246	78.63802	655.5103	192.76353	71.16071	130.27492	57.51331	223.17346	-30.77985	252000	1.8835069e-08	481.11526	-0.02799741	-452.12048	0.9134652	0.023698883	0.36025	3.0	562.166848897934
63	369.45096	64.98278	564.2557	241.1123	70.96429	126.13274	55.839424	220.26811	-27.136786	256000	-9.536744e-10	428.56622	-0.031813823	-408.5702	0.9133312	0.024415633	0.33025	3.0	571.3989865779877
64	372.28564	72.50771	599.54877	218.52675	70.94643	130.44202	54.557735	217.3636	-17.740774	260000	-2.861023e-09	406.87256	-0.030232672	-380.90347	0.91322464	0.018403525	0.336	3.0	580.7668006420135
65	374.7837	71.87235	613.53284	223.3132	71.30357	128.45247	56.643673	228.06332	-15.370539	264000	3.194809e-08	428.62482	-0.03063686	-405.78265	0.9131611	0.022652717	0.36525	3.0	590.1439278125763
66	375.48904	53.38258	488.5488	244.5887	70.76786	131.42166	55.951603	221.38278	-14.847465	268000	3.3378602e-09	341.3508	-0.019206906	-323.20078	0.9130649	0.017767264	0.24225	2.0	599.4423258304596
67	379.4809	78.80779	716.8792	256.45016	71.25	129.58884	55.670162	222.85927	-8.737156	272000	1.4066696e-08	399.9706	-0.028441578	-370.5067	0.9129872	0.015097727	0.35325	3.0	608.8381295204163
68	367.35077	76.19949	656.9088	248.6496	69.68421	131.32597	57.199512	223.18109	-26.532658	276000	-4.2915342e-09	513.4325	-0.029906431	-489.7812	0.9128685	0.01998926	0.3015	3.0	618.0526766777039
69	365.77527	82.92448	578.212	155.1916	69.50877	128.69116	56.9381	223.32144	-22.181255	280000	2.9563903e-08	512.0643	-0.031791344	-479.5964	0.912729	0.021641834	0.32375	3.0	627.2712798118591
70	378.55396	69.975075	642.19904	268.54703	71.32143	129.69275	56.22533	221.85225	-13.925343	284000	-1.9073487e-09	358.76263	-0.023678858	-342.19226	0.9125858	0.01651488	0.23225	2.0	636.5002675056458
71	371.43024	77.502014	591.696	238.14459	71.19643	129.29132	57.08295	236.51062	-42.466316	288000	9.059906e-09	384.79712	-0.02831315	-363.2518	0.9124665	0.019508447	0.329	3.0	646.021966457367
72	376.06003	64.502914	481.8262	245.26793	71.90909	129.60385	56.486206	231.68784	-16.671478	292000	-6.437302e-09	378.755	-0.030833356	-358.29178	0.912302	0.0181581	0.3455	3.0	655.3957448005676
73	371.21317	78.8621	667.2683	243.58499	70.71429	129.64693	55.760418	220.69116	-37.955177	296000	5.5789947e-08	461.91937	-0.022744859	-437.87646	0.9121344	0.018680597	0.22975	2.0	664.6985070705414
74	375.04694	72.5835	522.57416	196.41827	71.36364	130.20335	56.038124	222.05435	-34.021942	300000	-1.0967255e-08	405.77393	-0.015819395	-387.77112	0.9120236	0.016371636	0.259	2.0	674.0833818912506
75	400.05228	101.33536	768.9114	222.44965	75.86539	130.01674	56.29949	231.57356	-34.405003	304000	1.8119811e-08	645.596	-0.021138167	-611.2092	0.911917	0.018291632	0.23725	2.0	683.4302248954773
76	379.06366	72.7271	655.9009	249.51634	72.509094	137.98169	56.987648	242.7075	-17.28132	308000	4.315376e-08	542.02625	-0.01630642	-517.0078	0.911835	0.018934159	0.2945	2.0	692.7483487129211
77	380.8729	64.61644	561.1431	158.46959	73.296295	127.78056	58.0838	224.304	-36.977356	312000	8.46386e-09	511.3619	-0.028530383	-486.89984	0.9117608	0.020529525	0.33	3.0	702.0655210018158
78	399.06528	84.689384	636.43854	248.36882	75.82692	130.73993	55.020718	221.12106	-22.261131	316000	3.194809e-08	562.4722	-0.03147621	-534.9848	0.9116238	0.022396235	0.35425	3.0	711.3587846755981
79	376.49603	76.40019	614.51404	249.24837	71.854546	132.82559	58.457558	230.32397	-19.21036	320000	-2.3126603e-08	466.39493	-0.022244634	-444.5583	0.91150826	0.016783748	0.25	2.0	720.5280437469482
80	390.30222	87.59728	661.7157	185.50822	73.74074	133.97256	57.11302	230.65205	-1.2521334	324000	-1.1920929e-09	477.42276	-0.020477908	-448.7309	0.9114306	0.015665002	0.258	2.0	729.7102694511414
81	386.597	86.95253	768.5254	244.35803	72.72727	133.87067	57.249607	227.20247	-11.135644	328000	1.9073486e-08	422.35187	-0.019096639	-399.54025	0.9113316	0.023077732	0.29025	2.0	739.4745719432831
82	380.0201	89.45759	800.5355	246.11382	71.89091	132.48647	58.332558	235.12936	-22.851364	332000	3.051758e-08	448.79956	-0.018145429	-424.01334	0.91121304	0.019647915	0.245	2.0	748.9870104789734
83	376.63486	66.84965	575.9027	227.95131	71.545456	128.7489	55.744076	230.88885	-23.119373	336000	2.9325486e-08	504.0117	-0.018002212	-479.96338	0.91112053	0.015072454	0.25925	2.0	758.3294003009796
84	400.8791	80.719406	686.95935	262.05197	75.41509	132.78569	55.336132	217.14642	-19.997814	340000	-2.0384789e-08	445.14377	-0.029600866	-422.99597	0.911052	0.019769486	0.33	3.0	768.284481048584
85	371.41745	68.00452	585.15784	257.8951	71.30357	131.05054	59.065983	227.96056	-30.474773	344000	-1.4305114e-08	430.8099	-0.032148827	-410.7052	0.91094404	0.019677877	0.25675	3.0	778.0580770969391
86	376.70612	75.58227	644.33716	253.588	71.472725	130.10115	56.026497	227.61743	-31.104158	348000	-5.722046e-09	409.6937	-0.021114433	-389.35645	0.91088825	0.018354189	0.289	2.0	787.9197237491608
87	388.01773	93.80824	690.00305	231.75014	74.71698	131.17734	56.097923	229.91353	-10.353504	352000	-5.531311e-08	461.66837	-0.015619205	-438.5065	0.9108659	0.02679518	0.3065	2.0	797.4491572380066
88	395.94608	90.52062	681.302	232.25328	75.35849	132.29413	55.059147	237.79349	-3.4899771	356000	-3.4928323e-08	479.2945	-0.019123184	-454.79843	0.91080475	0.020226613	0.2255	2.0	806.9611539840698
89	387.15726	77.54876	584.357	186.07309	73.24074	135.11221	57.893593	234.40794	-32.48211	360000	5.1021576e-08	475.4154	-0.029277228	-454.264	0.9107455	0.017911036	0.31775	3.0	816.3295314311981
90	403.69812	87.60031	569.56104	246.5169	77.78432	133.23529	57.866634	232.68617	-55.564384	364000	-2.9563903e-08	577.4867	-0.034895744	-556.5516	0.9106686	0.016344324	0.29375	3.0	825.9946327209473
91	380.78986	78.08259	555.44403	246.31271	73.14815	131.8491	57.962887	234.5328	-29.221497	368000	-2.2888184e-08	453.12875	-0.020982381	-435.46204	0.91060096	0.016230192	0.262	2.0	835.8029589653015
92	387.37515	89.57891	620.37164	154.57254	74.45283	132.66609	57.39764	223.43713	-21.829304	372000	6.4611434e-08	615.1683	-0.018194133	-588.0296	0.9105633	0.019548805	0.31375	2.0	845.2681460380554
93	390.27185	87.2053	691.9429	242.77496	75.320755	130.29036	58.735313	226.18219	-37.822292	376000	-8.8214875e-09	632.1961	-0.027986499	-607.5153	0.91055	0.019913513	0.33875	3.0	854.7173805236816
94	394.57764	88.731995	605.6582	233.88591	75.37736	133.57375	56.60277	227.16394	-23.126854	380000	-3.0994416e-09	536.001	-0.029686494	-516.34283	0.91053474	0.023549218	0.3555	3.0	864.3263828754425
95	397.7426	88.506935	693.3087	238.11316	75.22642	131.80222	58.197754	230.08282	-12.438659	384000	2.6464463e-08	539.75055	-0.032097176	-518.0169	0.9104907	0.019145204	0.34325	3.0	873.8980510234833
96	384.5073	90.0085	653.04144	226.26169	73.64815	136.83078	57.7427	236.03725	-12.009796	388000	-2.4080277e-08	707.08875	-0.03205488	-683.4528	0.9104632	0.018959986	0.3185	3.0	883.4564342498779
97	398.1348	94.92335	678.81433	219.46642	75.92308	133.881	57.617466	229.08151	-20.653662	392000	6.6757204e-09	618.85876	-0.025043225	-597.55695	0.9103403	0.01750467	0.25225	2.0	892.9130630493164
98	401.9014	98.70474	682.64124	227.40944	76.67308	131.70256	58.563564	236.7283	-32.671955	396000	-2.0980835e-08	609.2191	-0.01691385	-585.77484	0.9102505	0.027829245	0.27725	2.0	902.5424892902374
99	397.53122	94.21078	608.51556	104.56765	74.92453	138.58812	57.699448	243.32094	-18.80806	400000	-5.197525e-08	626.684	-0.028445687	-598.51965	0.91012794	0.020516526	0.353	3.0	912.0477256774902
100	377.8156	76.47409	512.27893	211.75215	72.145454	134.58421	59.699417	246.04836	-27.129644	404000	1.1920929e-08	609.2227	-0.023532424	-586.2049	0.90994143	0.015496866	0.2445	2.0	921.4082329273224
101	418.64508	92.972275	662.0275	234.12279	80.0	130.34462	56.080593	233.39658	-22.239859	408000	-3.409386e-08	690.34564	-0.017418489	-668.5621	0.9098794	0.022304228	0.3385	2.0	930.7539081573486
102	376.46283	69.945145	556.37335	209.76125	70.78571	137.16228	58.970955	236.0669	-4.6759796	412000	-9.536744e-10	514.20496	-0.016689306	-494.0658	0.90982974	0.024819737	0.3275	2.0	940.3075289726257
103	381.5796	68.5983	519.7335	271.21014	71.94546	129.86292	56.83986	230.30382	-29.973545	416000	4.7683715e-09	593.9014	-0.018943578	-570.0034	0.90981746	0.019930007	0.30275	2.0	949.9286015033722
104	365.52756	72.79814	584.2644	220.25925	69.45614	131.26616	56.576206	233.21442	-31.699923	420000	-1.4781952e-08	500.8255	-0.030055825	-483.3	0.9097859	0.017311687	0.348	3.0	959.4001998901367
105	385.78635	68.996346	588.7967	266.24213	72.57407	129.07616	55.729836	228.3586	-15.892034	424000	8.8214875e-09	400.33963	-0.034709908	-384.41797	0.90975046	0.017669521	0.3515	3.0	968.8951663970947
106	365.67712	63.305077	594.37366	239.68677	68.534485	130.9723	57.882713	232.47606	-21.567757	428000	4.2915342e-09	392.99005	-0.03256889	-378.87854	0.90973896	0.016030967	0.33375	3.0	978.3417766094208
107	402.07108	73.991005	630.3762	271.19217	75.94231	131.59048	55.694286	225.89435	-6.8921695	432000	3.2663344e-08	459.46643	-0.031743325	-441.71436	0.9098249	0.023536015	0.33325	3.0	988.1734340190887
108	377.33	84.21306	654.9927	203.25711	71.818184	132.73366	59.366714	233.4828	-45.432518	436000	-3.194809e-08	551.186	-0.0212311	-525.5602	0.9098797	0.017756335	0.27625	2.0	997.760265827179
109	394.25916	63.432323	603.5271	274.41293	73.833336	131.64389	56.402813	243.76518	-12.895141	440000	-1.4305115e-09	370.2138	-0.018020283	-355.95575	0.9098753	0.018945482	0.22525	2.0	1007.1645827293396
110	407.12976	71.74065	586.5138	299.54984	76.90385	134.92163	57.666	228.02301	-20.849106	444000	-1.9431114e-08	387.8715	-0.044718303	-371.81787	0.9098535	0.016754685	0.35675	4.0	1016.6911957263947
111	400.8905	80.76953	650.73047	263.59875	74.58491	137.77827	58.493214	233.14224	-7.9655485	448000	-6.9618224e-08	470.00967	-0.044345573	-450.11575	0.9098604	0.018008253	0.365	4.0	1026.2801463603973
112	388.2219	65.81606	545.4256	252.6977	73.25926	134.57545	58.783062	231.96318	-15.156115	452000	1.9073487e-09	467.04697	-0.018230094	-453.06583	0.90992445	0.018095767	0.24275	2.0	1035.6347856521606
113	387.3381	69.6122	558.97626	265.76248	72.72727	130.20232	58.04409	226.54716	-15.524449	456000	-1.3351441e-08	463.80698	-0.01863941	-447.00772	0.9099532	0.015361827	0.2525	2.0	1044.9919965267181
114	399.0119	104.24927	730.66614	238.54784	76.745094	135.49963	56.646374	238.28	-12.704622	460000	2.0503998e-08	559.50275	-0.033994783	-538.6389	0.9099687	0.020295586	0.2935	3.0	1054.467656135559
115	387.60236	64.43778	540.1982	256.79718	72.38182	136.14754	58.434418	232.40572	-23.1467	464000	-3.182888e-08	455.7611	-0.030629102	-441.84283	0.90997744	0.023724401	0.33675	3.0	1063.9324405193329
116	402.557	99.94647	699.5919	194.92805	75.94231	133.72571	56.813404	232.04236	-45.939606	468000	-6.151199e-08	572.1375	-0.032913826	-551.4027	0.9099953	0.019926822	0.328	3.0	1074.1897087097168
117	409.03156	81.53785	608.32513	255.83719	76.76923	135.91898	59.13348	237.65385	-10.225888	472000	4.8160555e-08	393.60544	-0.03199518	-380.98767	0.9099846	0.02174277	0.34775	3.0	1084.2520840168
118	409.9919	104.32182	793.67584	272.15363	77.52941	137.76619	59.257675	235.69653	-20.914686	476000	5.9604646e-09	513.3321	-0.03288407	-496.39175	0.91007006	0.025301509	0.3685	3.0	1094.143613576889
119	430.07047	114.771225	781.3976	260.65457	82.104164	138.06508	59.426453	239.68729	-29.934202	480000	1.1205673e-08	634.4105	-0.02529529	-616.3176	0.9100719	0.017390745	0.21625	2.0	1103.8149223327637
120	384.90424	69.74273	578.16766	247.90025	73.57407	137.4944	59.58905	248.11836	-17.219448	484000	2.6464463e-08	609.24994	-0.032509197	-594.85834	0.91005003	0.019227482	0.323	3.0	1113.373954296112
121	395.35938	86.200935	621.9375	195.3308	74.84906	133.02112	57.229603	240.96758	-25.606447	488000	2.002716e-08	607.14825	-0.031487674	-587.8839	0.9100334	0.022802263	0.33925	3.0	1122.7797074317932
122	384.7802	73.22896	557.39166	250.08289	72.01818	131.22618	57.92133	232.03256	-12.562551	492000	4.8041343e-08	583.05	-0.025203219	-569.51447	0.91003025	0.015125143	0.23875	2.0	1132.2757499217987
123	383.01505	75.232185	565.24884	237.8024	71.74545	134.76332	57.20488	231.85838	-24.029785	496000	4.172325e-09	435.25238	-0.026645357	-421.63965	0.91006184	0.021634018	0.33325	3.0	1142.086720943451
124	392.5359	85.443855	740.0842	249.23415	73.296295	132.78712	56.16874	235.61995	-14.10654	500000	-2.002716e-08	446.01038	-0.031345055	-431.81573	0.9100635	0.016794	0.309	3.0	1152.7827105522156
125	415.54636	77.35932	587.35077	293.42554	79.6	134.7542	58.251247	236.33289	-24.591383	504000	3.6239623e-08	415.18463	-0.024316637	-403.07715	0.9100411	0.019890485	0.23875	2.0	1162.3468418121338
126	420.96317	119.23722	837.94495	210.70757	80.5102	139.47682	58.765713	247.31323	-43.364494	508000	-1.847744e-08	595.95306	-0.031231442	-573.6639	0.9100167	0.018290253	0.316	3.0	1172.042299747467
127	414.32013	118.892456	1072.3444	269.51514	78.333336	137.75908	60.327446	236.4281	-13.086986	512000	-1.3351441e-08	534.50385	-0.03266063	-520.67017	0.90995795	0.02111505	0.36475	3.0	1181.5742242336273
128	435.77295	98.82386	712.94336	276.5389	82.0	142.50644	58.73708	240.20157	-44.203625	516000	5.8650972e-08	517.52057	-0.03399909	-502.94427	0.90990055	0.016805226	0.29475	3.0	1191.7544457912445
129	413.42395	82.997765	654.96515	236.94785	78.36	139.81294	59.512028	240.46252	-13.766936	520000	-6.198883e-09	512.3749	-0.016835898	-499.7431	0.90978277	0.020601872	0.288	2.0	1201.4594690799713
130	415.40854	92.19422	730.5064	229.19542	78.35294	137.0534	60.70375	233.62138	-15.484745	524000	-1.1920929e-08	449.03766	-0.019576801	-436.55432	0.9096956	0.021334087	0.293	2.0	1211.000072002411
131	408.7068	102.25043	786.50867	277.4158	77.333336	137.84694	58.582363	241.47314	-35.174545	528000	-4.6253206e-08	438.46045	-0.016443413	-423.44254	0.90960485	0.016768126	0.231	2.0	1220.3461863994598
132	407.56042	100.98717	774.8162	262.60757	76.82692	138.37238	60.097637	239.09155	-22.8039	532000	-4.315376e-08	496.78763	-0.028320454	-484.72842	0.9094985	0.017959563	0.3175	3.0	1229.7013914585114
133	408.15503	86.98087	618.4687	191.19221	77.46	140.01959	60.766563	241.284	-33.638058	536000	-2.0086766e-08	516.7396	-0.022564609	-503.5914	0.9093939	0.021224236	0.2655	2.0	1239.0738990306854
134	424.4643	94.637314	744.9277	196.91017	80.22449	137.73935	59.131226	241.63815	-42.927025	540000	9.894371e-09	559.2052	-0.01789797	-539.0466	0.9093612	0.018650565	0.288	2.0	1248.3888697624207
135	403.76416	75.891266	547.1541	287.88318	75.71154	138.30981	60.66114	247.03018	-34.298004	544000	-4.0769578e-08	440.80927	-0.018387297	-431.0856	0.90932965	0.019953514	0.26375	2.0	1257.869562625885
136	414.89395	84.41795	653.4804	257.03806	78.333336	138.45943	58.64683	233.77838	-21.794313	548000	-3.194809e-08	451.3065	-0.031382702	-440.5897	0.9092994	0.019209705	0.3085	3.0	1267.3550271987915
137	403.91492	89.8449	729.366	241.89133	76.82692	135.96216	60.282516	244.81436	-20.800735	552000	4.9591065e-08	519.31964	-0.025457371	-505.32687	0.90931153	0.01520463	0.21425	2.0	1276.7901017665863
138	401.13333	76.74027	619.6736	259.31604	75.63461	135.74995	58.98485	243.00926	-23.847841	556000	3.8504602e-08	498.62378	-0.016481323	-485.7566	0.90930724	0.021587308	0.341	2.0	1286.292549610138
139	410.47305	100.29136	714.4415	188.18483	77.92157	137.73816	58.826397	242.60507	-16.233713	560000	-8.34465e-09	481.47812	-0.02897456	-468.4652	0.90927947	0.018540226	0.31775	3.0	1295.7282092571259
140	400.92078	77.7751	620.8535	288.14996	75.61539	136.5464	60.183716	234.85344	-7.8507223	564000	2.8133393e-08	380.8898	-0.022498177	-371.10626	0.90924215	0.016938584	0.2705	2.0	1305.0837173461914
141	430.54553	107.52675	806.25507	284.164	80.87755	138.13344	57.647038	235.81113	-24.481201	568000	2.5510788e-08	462.8397	-0.01622077	-450.69952	0.909231	0.016690355	0.25125	2.0	1314.5906686782837
142	399.0478	85.65724	650.2839	219.02148	76.745094	139.92828	60.236233	241.73242	-23.013016	572000	5.6266785e-08	675.91376	-0.029673122	-658.84644	0.90919745	0.021226607	0.3945	3.0	1324.1116218566895
143	437.37216	163.69843	1433.1552	301.98862	83.78723	134.79608	56.96508	243.9978	-15.574521	576000	-2.2888184e-08	724.1055	-0.020992894	-705.5863	0.9091355	0.020217575	0.25825	2.0	1333.6564393043518
144	409.9794	84.35214	714.4331	257.60086	78.56	144.61662	60.14193	242.7732	-12.317751	580000	-4.863739e-08	621.3837	-0.02030222	-605.7458	0.9090668	0.017695924	0.2125	2.0	1343.0703427791595
145	424.3055	108.71948	846.1658	279.7384	81.10204	138.22006	58.218784	243.21753	-8.2182	584000	5.00679e-09	563.6918	-0.021371752	-544.7954	0.90901476	0.018540172	0.2745	2.0	1352.359114408493
146	419.53384	91.72841	645.04315	226.6925	80.44898	137.5405	59.443752	252.93591	-26.227184	588000	1.3113022e-08	486.3527	-0.017327897	-472.1393	0.9089754	0.019106822	0.2985	2.0	1361.9310719966888
147	441.68063	79.27577	657.169	275.23898	86.155556	141.1881	59.513157	240.80576	-18.07808	592000	-1.5854836e-08	466.13513	-0.01760452	-453.75922	0.90892136	0.023567425	0.32475	2.0	1371.1921536922455
148	437.1433	95.34511	649.1588	294.62988	82.958336	139.42166	59.026337	233.62163	-24.568968	596000	8.702278e-09	499.90976	-0.017886594	-481.68896	0.90881073	0.019928794	0.2815	2.0	1380.7702822685242
149	412.93344	74.93244	605.49023	300.156	79.72	139.86525	60.98035	245.34795	-19.827879	600000	1.2874604e-08	474.51578	-0.027152197	-462.42392	0.90870965	0.017069245	0.3185	3.0	1390.1270306110382
150	437.04987	109.04431	838.86584	273.2873	85.02128	134.84697	58.413067	239.2129	-45.112835	604000	3.8981437e-08	620.31055	-0.023894101	-601.9537	0.90858984	0.015022089	0.2205	2.0	1399.8455698490143
151	433.70026	103.380005	861.2709	311.47916	83.46809	139.14557	59.15043	258.0143	-20.776052	608000	4.005432e-08	474.949	-0.029236292	-460.9831	0.90852094	0.018448247	0.328	3.0	1409.398271560669
152	426.58725	102.847275	675.9309	247.36778	81.46939	141.76363	60.83292	236.18768	-18.334183	612000	5.51939e-08	550.3414	-0.033219576	-530.3879	0.90844464	0.018322898	0.33325	3.0	1418.7996065616608
153	424.62708	94.566574	767.1938	251.99962	80.57143	138.8145	59.858524	242.37856	-22.347767	616000	-7.629395e-09	454.34988	-0.03479653	-442.52747	0.90838003	0.02016391	0.29025	3.0	1428.2800126075745
154	460.37143	124.22731	859.06104	254.32585	88.111115	142.78433	60.00399	244.5337	-31.411076	620000	3.9100648e-08	588.01605	-0.022042556	-572.5696	0.9083242	0.016970048	0.266	2.0	1437.7578873634338
155	433.37012	92.78794	754.0694	294.69727	81.916664	143.52325	60.98252	248.32774	-13.117941	624000	0.0	482.50412	-0.0151880365	-470.32953	0.9082565	0.018246094	0.28525	2.0	1447.0230445861816
156	426.629	113.202126	963.2992	227.6676	80.938774	140.63036	60.95843	244.3199	-12.265095	628000	-1.4126301e-08	585.20996	-0.029007688	-567.7503	0.9081787	0.021125378	0.33775	3.0	1456.4450407028198
157	415.71136	84.92912	665.4468	251.44278	78.6	140.53688	59.847027	245.03882	-20.775564	632000	-8.583069e-08	429.1974	-0.021164441	-418.2935	0.9079904	0.01849828	0.2555	2.0	1465.8378508090973
158	417.61652	86.86053	674.4708	246.23367	79.66	137.44856	60.884907	239.98169	-35.41971	636000	1.9073486e-08	479.18344	-0.01770848	-468.34186	0.9078403	0.01640102	0.31125	2.0	1475.3473818302155
159	437.10867	102.12374	701.53906	236.46927	83.104164	140.09007	58.136482	241.63861	-22.145687	640000	-6.9141386e-09	530.81934	-0.03202503	-518.6851	0.9077256	0.016013011	0.2975	3.0	1484.6613147258759
160	426.78418	88.23351	613.57025	255.27975	81.666664	138.60976	60.697083	247.95386	-30.571287	644000	-2.503395e-09	503.30826	-0.032876477	-492.0617	0.9075947	0.01849395	0.3175	3.0	1494.186103105545
161	425.03256	91.18488	679.037	255.71103	80.755104	138.38043	60.90742	239.50615	-29.354721	648000	-1.5497207e-08	513.64	-0.022627434	-501.43185	0.9074155	0.02087331	0.264	2.0	1503.7106821537018
162	426.15817	87.968445	625.3672	264.72443	81.9375	140.76553	61.43915	243.45482	-14.265128	652000	3.8146972e-08	563.06	-0.016448531	-552.165	0.9072955	0.020463584	0.31625	2.0	1513.1686651706696
163	459.53516	141.74223	842.68756	279.67383	88.88636	138.6389	58.116993	244.53603	-48.951614	656000	-1.4305115e-09	757.8606	-0.05264435	-736.57086	0.9071903	0.017887456	0.33725	5.0	1522.732647895813
164	431.94882	83.40289	618.9204	284.35388	82.479164	140.67647	63.039646	261.23578	-17.582901	660000	-4.7683717e-08	519.65533	-0.01877125	-509.62894	0.9070318	0.017251352	0.27275	2.0	1531.912148475647
165	417.51	109.92274	754.2947	228.06157	79.63265	142.90704	60.466354	246.91048	-24.973938	664000	-3.242493e-08	668.03644	-0.018886548	-647.8027	0.9069284	0.015319289	0.23375	2.0	1541.2871339321136
166	441.24506	107.15152	756.8535	239.40182	83.319145	137.329	60.052586	255.8081	-17.69538	668000	2.8610229e-08	640.9444	-0.0176624	-624.6323	0.90688026	0.01581334	0.2635	2.0	1550.417392730713
167	441.08316	100.83278	736.62946	251.56784	84.59574	144.59871	61.720295	257.33804	-20.45148	672000	4.148483e-08	622.2604	-0.03490377	-606.9595	0.9068358	0.018488009	0.343	3.0	1559.7491989135742
168	434.99536	108.208435	795.6689	296.36215	83.25	141.21461	61.56449	254.42062	-26.739275	676000	-5.4359436e-08	645.64124	-0.020008376	-629.7461	0.90677255	0.019040946	0.27225	2.0	1569.0284142494202
169	430.6548	111.19175	731.0583	227.84993	83.083336	142.16925	61.10796	256.0608	-43.231663	680000	4.529953e-08	675.4587	-0.018504733	-657.4667	0.9067496	0.017608512	0.3195	2.0	1578.201274394989
170	414.27625	113.57561	721.8743	238.37486	78.86	136.56163	61.802017	257.34894	-44.640472	684000	1.9550324e-08	603.3119	-0.01933351	-588.75574	0.9067517	0.02670306	0.2925	2.0	1587.6807644367218
171	453.5927	135.384	915.9122	272.6831	87.0	144.53038	59.37181	239.99608	-12.552647	688000	-1.7881394e-08	697.20123	-0.017275922	-679.66565	0.9067076	0.018153526	0.2985	2.0	1597.105916261673
172	430.64844	87.91312	631.9583	242.70297	81.270836	143.52882	62.25203	252.67943	-19.256208	692000	-2.2172928e-08	569.14417	-0.019834092	-557.0724	0.90663797	0.019297399	0.27025	2.0	1606.5784945487976
173	409.82422	83.07181	583.406	257.05753	77.29412	139.53758	61.30091	244.25246	-20.456678	696000	4.148483e-08	517.42084	-0.030064387	-506.29318	0.906583	0.02266384	0.3645	3.0	1616.077807188034
174	416.23077	83.78964	671.33246	278.77817	78.64	139.83081	60.222824	242.3869	-20.365017	700000	4.5716764e-08	497.84613	-0.022414528	-484.62097	0.9064589	0.01882807	0.27125	2.0	1625.5737466812134
175	428.63193	95.857155	825.6766	273.9785	80.71429	139.80159	58.508587	244.17613	-17.847683	704000	1.1920929e-08	484.96912	-0.01790559	-472.75717	0.9063802	0.019717388	0.2895	2.0	1635.0271215438843
176	427.1787	84.0849	612.8802	286.80325	81.625	137.30002	60.902073	245.87376	-21.862381	708000	-5.00679e-09	458.43948	-0.033359356	-449.603	0.9062851	0.017143456	0.2885	3.0	1644.2739732265472
177	443.207	106.72997	770.11414	292.33188	84.34042	142.69722	59.995697	243.55309	-15.062683	712000	1.1920929e-08	487.6338	-0.031596906	-477.2669	0.9061117	0.01874076	0.324	3.0	1653.7499551773071
178	434.1581	81.81664	656.98846	269.0413	83.0625	142.19609	61.668034	253.3065	-26.342886	716000	-7.629395e-09	493.53708	-0.021912793	-484.7627	0.90598094	0.01758234	0.224	2.0	1662.8684103488922
179	446.84985	92.84749	727.3466	290.7933	85.41304	139.94388	59.568012	246.40514	-25.37317	720000	-4.4345857e-08	461.231	-0.031137945	-450.61005	0.9059122	0.016707774	0.2965	3.0	1672.3862221240997
180	440.21967	98.538315	674.352	272.58942	84.14893	141.92722	61.409565	244.12784	-21.636446	724000	9.536743e-09	454.01276	-0.030788464	-444.19376	0.9057761	0.017992545	0.32225	3.0	1681.8064620494843
181	408.99026	69.92403	637.152	256.78314	78.66	138.81635	60.92276	246.30115	-16.813688	728000	-2.5749207e-08	394.57816	-0.024278479	-387.2127	0.90568584	0.017402554	0.21925	2.0	1691.018884897232
182	431.47275	98.90605	675.13257	263.21674	81.666664	138.29062	58.734245	243.49028	-17.791557	732000	4.3988226e-08	470.13037	-0.018703815	-459.58316	0.90562445	0.018574938	0.313	2.0	1700.2425730228424
183	476.112	103.32054	718.4948	322.69632	89.704544	145.04141	60.89731	256.32684	-15.8527775	736000	-1.2159347e-08	513.7412	-0.017534154	-504.12537	0.90554786	0.022466123	0.33225	2.0	1709.4151496887207
184	434.10416	90.37092	713.2699	247.43188	83.020836	144.52693	62.63187	258.58914	-17.685717	740000	-7.271767e-08	432.4964	-0.029990008	-425.14526	0.9054676	0.017060887	0.32025	3.0	1718.8791217803955
185	439.42957	76.077805	620.46967	308.9285	82.979164	141.0654	60.569927	244.59882	-26.72195	744000	-2.8610229e-08	548.77466	-0.023042087	-538.3075	0.90535927	0.017177269	0.27125	2.0	1728.077291727066
186	407.1699	65.28927	552.22296	248.76962	76.48077	140.08116	60.828304	247.2621	-24.858137	748000	-4.1007997e-08	436.54544	-0.018682312	-429.37674	0.9052675	0.021376502	0.28125	2.0	1737.320707321167
187	425.63925	98.995026	725.0696	250.21136	79.14	139.56003	59.432144	231.58426	-36.450356	752000	8.225441e-09	534.79724	-0.03090085	-520.064	0.905217	0.025169685	0.35225	3.0	1746.5203142166138
188	467.60635	91.68043	759.33026	302.66556	89.11364	142.34753	59.781635	239.90765	-42.11716	756000	5.531311e-08	486.4467	-0.033452947	-477.23724	0.90517116	0.0152523825	0.3415	3.0	1755.7768814563751
189	437.82715	112.748	755.4629	293.38458	83.166664	145.42236	62.212975	247.2009	-25.377462	760000	2.3841858e-08	571.26337	-0.03200526	-556.7309	0.9051487	0.024143452	0.36175	3.0	1765.27396941185
190	444.16763	80.266846	645.73364	254.30025	84.55319	139.8907	61.693993	248.88065	-25.760557	764000	-1.0490417e-08	463.08102	-0.031489495	-453.91656	0.90506256	0.021681849	0.31725	3.0	1774.5592033863068
191	453.83875	100.75648	775.3177	296.6732	86.304344	144.32867	61.271214	246.05733	-20.451103	768000	-9.059906e-09	530.2869	-0.03127684	-516.8304	0.90494365	0.021502342	0.35825	3.0	1784.03826212883
192	446.19382	117.25517	815.2852	247.35904	84.38298	144.91248	61.25196	246.22968	-21.576138	772000	3.9339067e-08	618.158	-0.033336952	-600.0985	0.90484524	0.021013763	0.3305	3.0	1793.4454863071442
193	452.4598	102.63154	856.0865	313.11255	84.02128	144.39934	60.617786	247.10265	-23.046053	776000	4.2915342e-09	435.6056	-0.022039425	-427.24396	0.9047779	0.021535737	0.304	2.0	1802.6425507068634
194	451.9068	113.11471	895.94745	289.87125	85.54348	147.07309	61.082825	249.96805	-15.55401	780000	-2.6226044e-09	660.6486	-0.016579857	-642.98193	0.9047435	0.02135127	0.31875	2.0	1811.8149933815002
195	435.8825	84.308784	660.6269	277.5414	81.57143	145.27594	63.34212	255.00972	-17.23671	784000	2.2172928e-08	537.6512	-0.017969737	-525.92615	0.9047292	0.015558995	0.283	2.0	1821.220941543579
196	459.61163	93.23183	729.06226	267.89117	86.45652	142.53842	59.134106	249.16687	-36.86854	788000	-5.0783157e-08	534.6162	-0.016978769	-522.04285	0.9046886	0.01930842	0.28125	2.0	1830.3621978759766
197	421.94745	95.249146	733.92615	286.57312	79.98	142.55005	63.335938	254.31259	-21.309515	792000	3.528595e-08	564.8937	-0.031905986	-550.4051	0.90462285	0.0173065	0.292	3.0	1839.517576932907
198	447.4974	100.036514	668.9684	305.91455	85.152176	140.12672	59.44715	238.47354	-20.433208	796000	-4.148483e-08	587.4794	-0.03179906	-572.5419	0.9045321	0.01939557	0.38575	3.0	1848.8022828102112
199	468.55838	120.32317	850.3769	232.97488	89.65909	144.83725	60.83114	250.4445	-31.798473	800000	1.1086464e-08	668.3785	-0.02227977	-650.6987	0.9044942	0.0187226	0.26825	2.0	1858.216693162918
200	453.0095	101.27068	757.2237	189.4992	86.844444	145.93889	61.82823	247.49614	-25.519112	804000	3.7670137e-08	593.709	-0.018906001	-577.7493	0.90446484	0.020121796	0.308	2.0	1867.5961318016052
201	432.1788	92.60874	748.1387	253.51886	82.9375	140.52057	63.272675	244.42967	-38.34323	808000	0.0	612.8477	-0.021847466	-600.31134	0.90441275	0.019604435	0.30275	2.0	1876.9036552906036
202	457.05838	137.40373	1182.7593	280.2625	86.71739	141.7087	59.40143	255.24756	-16.248291	812000	-2.4318695e-08	717.2777	-0.018916339	-700.2129	0.90438217	0.015010789	0.299	2.0	1886.0402235984802
203	453.2575	95.9203	665.89703	258.1929	86.86957	144.46538	61.902782	250.58467	-28.787468	816000	2.0980835e-08	581.3985	-0.016861772	-570.52985	0.90435874	0.027419915	0.32975	2.0	1895.2642621994019
204	434.04022	81.62836	628.8022	277.16708	84.61702	141.5678	62.110973	246.27768	-49.358437	820000	-4.887581e-08	534.8504	-0.019350115	-525.74646	0.9042748	0.020178955	0.31725	2.0	1904.6626076698303
205	422.53214	105.524345	780.931	260.3737	79.96	138.7079	60.13079	263.42636	-25.848776	824000	5.4836274e-08	554.52704	-0.019816164	-540.97437	0.90416497	0.018361593	0.26725	2.0	1913.8384745121002
206	446.81757	102.430084	786.39124	263.4831	84.914894	143.85509	60.7064	248.08434	-21.2907	828000	2.2649765e-08	521.3133	-0.016673507	-509.3533	0.9040718	0.016144017	0.31	2.0	1923.3275208473206
207	434.6559	92.32792	736.2837	248.67801	82.5	142.37688	61.789116	248.70493	-25.836016	832000	-1.01923945e-07	532.3965	-0.018770015	-522.4925	0.9039948	0.019713836	0.29675	2.0	1932.5885405540466
208	454.00687	117.54751	864.61774	282.88763	85.04256	143.27394	59.466618	243.87543	-16.135489	836000	3.051758e-08	540.37445	-0.0151856765	-527.9351	0.9039296	0.022508668	0.27875	2.0	1942.179480791092
209	447.7224	111.87515	887.8365	259.21158	83.333336	146.21207	63.09391	248.27116	-27.757992	840000	6.5803526e-08	598.2631	-0.030552752	-583.2622	0.9038833	0.017847918	0.3285	3.0	1951.6907665729523
210	446.70703	107.17635	816.6631	291.89468	84.44681	145.39818	62.008835	255.13326	-21.247845	844000	1.66893e-08	551.4242	-0.01995728	-539.2542	0.90376544	0.020657662	0.22875	2.0	1960.879763841629
211	475.03552	101.18056	751.06824	247.22447	90.25	144.86981	62.354946	244.36565	-26.604763	848000	-5.2213668e-08	566.60126	-0.020119349	-553.4219	0.9036724	0.01780908	0.217	2.0	1970.1189591884613
212	445.31052	110.079666	930.84283	283.94537	83.61702	147.1697	61.66017	251.29852	-32.9998	852000	-3.9577483e-08	488.15292	-0.0196168	-476.81607	0.9036045	0.021110153	0.28175	2.0	1979.583534002304
213	463.84085	108.364136	712.2115	281.34784	88.22222	144.93857	62.939503	245.59845	-19.216175	856000	5.722046e-09	508.39993	-0.018707013	-495.19775	0.903576	0.0153042395	0.28275	2.0	1989.0174787044525
214	466.15338	120.47288	851.34106	288.6526	88.77778	146.9175	60.085205	250.57217	-23.425436	860000	-1.8119811e-08	557.61926	-0.017545665	-543.73706	0.90356445	0.017643249	0.285	2.0	1998.3111989498138
215	454.36954	122.099556	833.91907	284.00967	85.58696	143.50763	63.289196	259.18127	-23.780704	864000	1.7881394e-08	573.9035	-0.03037802	-560.4754	0.9035793	0.017150544	0.30925	3.0	2007.7839431762695
216	449.67706	93.04898	679.7229	297.59268	85.32609	146.55397	62.031696	259.38025	-28.178753	868000	2.384186e-10	450.08264	-0.03235023	-439.26685	0.90354145	0.019509332	0.363	3.0	2017.2989263534546
217	448.25064	132.1186	962.2025	237.56041	85.95652	142.5744	62.368607	246.50252	-15.110564	872000	4.1007997e-08	652.8428	-0.020228518	-636.5244	0.90344924	0.019609913	0.257	2.0	2026.4913005828857
218	453.575	104.08404	838.27765	307.79028	85.695656	144.75708	62.455505	259.36578	-25.978924	876000	-5.7220458e-08	533.7724	-0.015384944	-522.4738	0.9033605	0.027130255	0.29725	2.0	2035.8362951278687
219	468.44318	106.059814	728.863	337.08685	89.27273	146.71866	62.635662	267.53226	-21.175205	880000	-5.1498414e-08	454.32953	-0.019896666	-444.9699	0.90327543	0.018396312	0.29475	2.0	2045.173174381256
220	448.65192	104.74799	754.0945	309.28763	85.32609	143.34402	61.900993	257.70056	-38.10696	884000	4.172325e-09	463.29178	-0.017275581	-452.94943	0.90318775	0.02680132	0.3475	2.0	2054.63783454895
221	443.86136	87.75896	727.58093	329.76218	84.3617	143.76396	62.406002	251.42354	-17.45407	888000	2.169609e-08	466.88858	-0.016856128	-456.93106	0.9031015	0.020433042	0.299	2.0	2064.0826721191406
222	449.29672	79.32748	655.73865	312.47778	85.02128	142.30537	60.327812	254.88622	-27.219269	892000	8.106232e-09	449.5175	-0.027586062	-441.2074	0.90301794	0.017462354	0.327	3.0	2073.6142303943634
223	456.6297	104.116714	723.96234	316.27448	86.41304	144.11842	60.45465	240.51184	-22.53797	896000	-1.1920929e-08	482.63177	-0.020117976	-471.44797	0.9029996	0.015687322	0.21375	2.0	2082.7532193660736
224	469.46082	93.85451	716.80005	289.02048	89.27273	146.35825	62.85012	268.21454	-29.015823	900000	4.2915346e-08	460.9766	-0.017910376	-451.17505	0.90298945	0.015929596	0.27375	2.0	2092.035691022873
225	448.5495	98.64618	738.0343	303.47803	85.0	145.79814	62.20134	259.5643	-12.870624	904000	-1.525879e-08	475.47012	-0.019221038	-465.62405	0.90297085	0.016118687	0.2755	2.0	2101.3016526699066
226	473.3678	126.88694	847.9049	278.9161	90.22727	144.80559	60.70562	253.02078	-15.683778	908000	-5.722046e-09	544.6924	-0.016182315	-532.261	0.9029322	0.021522617	0.31675	2.0	2110.568368434906
227	454.59106	107.70316	865.14795	268.83844	86.13043	147.30194	63.04377	247.71661	-25.791786	912000	-2.5987624e-08	465.06802	-0.016549403	-453.7047	0.90290195	0.019056309	0.29025	2.0	2120.0141286849976
228	452.2056	122.1058	1060.8762	286.96454	85.934784	145.24507	62.28503	255.67503	-13.381583	916000	-4.386902e-08	522.2938	-0.020637462	-510.244	0.90286547	0.016271431	0.291	2.0	2129.426836013794
229	453.13727	85.310875	693.46155	293.3186	85.21739	148.90712	60.563297	256.38873	-11.440697	920000	7.1287154e-08	515.6681	-0.01913271	-505.4864	0.90283895	0.015776418	0.25325	2.0	2138.8651471138
230	470.5386	126.045586	896.7986	271.44193	88.954544	145.41255	61.03667	250.64261	-28.36269	924000	9.059906e-09	665.4862	-0.017273758	-649.2446	0.9028187	0.0226255	0.34575	2.0	2148.1326122283936
231	465.0702	105.54433	742.6065	281.10934	87.91111	146.24207	61.445152	258.7463	-16.26557	928000	-1.3709068e-09	565.1561	-0.016441824	-554.81854	0.9027835	0.020050878	0.30875	2.0	2157.3851041793823
232	455.93512	109.49187	650.34296	265.94067	87.17778	145.6692	62.681076	257.00262	-23.690735	932000	-1.9073487e-09	556.87524	-0.019171854	-545.3209	0.9027445	0.019278754	0.306	2.0	2166.6638655662537
233	465.8639	100.96201	817.488	212.88834	87.08889	148.68086	60.664745	257.26074	-22.33797	936000	1.6450882e-08	532.9043	-0.026775235	-520.9137	0.9027265	0.015364174	0.33875	3.0	2176.206034421921
234	440.47598	85.063705	674.2938	302.36365	82.645836	143.62175	63.03934	262.092	-32.173073	940000	2.1398067e-08	559.73706	-0.026052423	-545.18604	0.9027465	0.018453067	0.2705	2.0	2185.3710997104645
235	420.1361	89.00908	672.6656	284.70697	79.88	139.15347	61.40785	254.68059	-42.438667	944000	2.6226044e-09	495.5368	-0.014651213	-484.8147	0.9028103	0.02478263	0.338	2.0	2194.832688808441
236	480.4763	117.504364	725.368	279.4933	91.92857	146.44177	58.04418	248.51831	-24.138895	948000	-3.004074e-08	624.58813	-0.018536208	-612.15137	0.9028347	0.016773023	0.25325	2.0	2204.1604328155518
237	466.4204	108.590515	782.6679	243.9736	88.8	145.726	65.8372	251.2135	-33.571537	952000	4.386902e-08	544.40393	-0.02009482	-534.5606	0.9028598	0.025786858	0.321	2.0	2213.4470715522766
238	463.56766	105.294495	736.22235	274.4122	88.26667	149.07774	61.473694	256.30444	-76.434395	956000	2.4557114e-08	589.5185	-0.015314789	-577.3083	0.90288043	0.017635452	0.3115	2.0	2222.8921802043915
239	457.6309	99.62337	764.84607	306.56827	87.90909	145.69522	63.53018	254.11151	-39.340805	960000	-2.4795533e-08	638.14307	-0.032760035	-622.05945	0.9028921	0.019127307	0.30825	3.0	2232.190144300461
240	456.07877	111.020966	729.2331	280.99118	88.77778	145.11963	61.38904	258.82565	-18.623688	964000	9.298325e-09	633.3963	-0.023268927	-618.94336	0.9028385	0.019062009	0.227	2.0	2241.770757675171
241	452.39175	105.73479	787.57294	285.85986	87.2	139.64906	61.49888	258.57034	-19.209988	968000	4.7683717e-08	539.5008	-0.01889487	-526.8284	0.90281343	0.023426773	0.3395	2.0	2251.334735393524
242	436.72552	98.997826	800.2005	291.29767	83.085106	143.14629	61.49307	251.4682	-18.501883	972000	3.4809112e-08	532.16754	-0.014572696	-518.13385	0.9027744	0.015736474	0.28025	2.0	2260.5516192913055
243	423.06436	69.01102	561.67926	304.01953	81.125	141.88647	61.11189	256.58136	-35.537025	976000	-2.026558e-08	469.064	-0.020422436	-459.3543	0.9027123	0.018666951	0.27325	2.0	2269.8571729660034
244	448.18924	95.2746	880.163	320.9948	84.53191	141.09854	60.57685	248.75717	-50.033783	980000	6.222725e-08	507.36465	-0.030819459	-492.50284	0.90263265	0.018974636	0.3725	3.0	2279.2225840091705
245	448.3469	114.47557	830.4886	278.2964	85.0	144.71059	61.678368	249.08698	-33.18819	984000	-5.722046e-09	567.46094	-0.022509143	-552.06433	0.9025364	0.016368248	0.29075	2.0	2288.6428351402283
246	461.03427	106.31314	792.10913	263.16043	86.17391	145.43729	61.654465	259.44757	-12.847858	988000	4.2915346e-08	508.02832	-0.020516407	-493.08405	0.9024701	0.017368028	0.3095	2.0	2298.2112424373627
247	472.66946	137.52408	1171.8693	282.68018	90.22727	147.37137	61.447506	257.69443	-27.936434	992000	1.9550324e-08	645.71094	-0.018099034	-632.2121	0.90239745	0.02056786	0.2915	2.0	2308.637005329132
248	442.00458	100.49764	686.87103	261.72897	84.25532	144.34755	63.169304	244.12512	-19.440254	996000	3.2067298e-08	565.3297	-0.01963879	-550.36017	0.9023102	0.020880044	0.2805	2.0	2318.017714738846
249	474.42676	108.12682	729.1378	308.8182	90.318184	145.23012	60.065342	263.51074	-26.31335	1000000	3.683567e-08	649.06445	-0.015605291	-633.5495	0.90222484	0.019697484	0.283	2.0	2327.5100576877594
250	476.36096	89.26901	753.2405	282.82486	90.545456	149.65175	63.876816	260.06323	-28.708576	1004000	-5.7697296e-08	542.8245	-0.020790722	-530.91766	0.9021248	0.016032912	0.259	2.0	2336.87841296196
251	473.76837	96.79792	721.16785	334.08258	89.34091	145.50728	61.51671	258.11176	-12.222379	1008000	1.9431114e-08	524.8664	-0.028385084	-512.1914	0.9020376	0.017923135	0.3115	3.0	2346.3877453804016
252	443.7904	91.2763	744.02545	283.23325	83.680855	147.91145	63.323147	253.3627	-32.468933	1012000	-1.2397766e-08	572.4393	-0.020738399	-558.5358	0.901907	0.01626212	0.2295	2.0	2355.822028875351
253	468.39856	132.8632	808.97205	274.94937	89.15909	144.4427	59.648365	250.27701	-27.999115	1016000	1.3828277e-08	679.46136	-0.01814881	-660.04706	0.90183884	0.016096458	0.2725	2.0	2365.243155002594
254	457.24396	94.16674	717.77	271.68274	86.73913	146.69537	62.69117	257.0774	-32.61979	1020000	6.6757204e-09	540.3756	-0.018583765	-526.74097	0.9017789	0.024193961	0.2965	2.0	2374.5049426555634
255	456.7868	105.25831	769.59955	307.27545	86.32609	146.5022	60.80766	254.95459	-13.172573	1024000	9.536743e-09	561.149	-0.020131022	-548.89526	0.90175164	0.020430787	0.277	2.0	2383.706734418869
256	487.2926	119.5457	824.55536	311.8072	92.093025	148.9293	61.399067	248.04898	-19.708963	1028000	2.1457673e-08	561.7034	-0.030122587	-548.92267	0.90172744	0.016804535	0.3545	3.0	2393.2080574035645
257	451.59317	95.1581	641.53	309.6436	86.04348	145.88034	65.16094	255.29405	-35.46981	1032000	2.7418137e-09	606.55426	-0.04827646	-593.676	0.90163815	0.019649725	0.36375	4.0	2402.545695066452
258	453.04218	112.50539	759.53455	223.42433	85.978264	144.1438	60.973965	250.50977	-31.219398	1036000	5.00679e-09	546.464	-0.031927995	-530.70013	0.9015982	0.0158356	0.32975	3.0	2412.062997817993
259	447.66214	112.58337	782.21643	300.02264	85.304344	144.23425	63.440205	250.67487	-19.962837	1040000	-2.3722649e-08	587.4399	-0.03506693	-572.08984	0.9015905	0.016884776	0.321	3.0	2421.607527256012
260	448.17563	73.53713	614.4738	337.30865	84.34042	141.03937	61.226063	247.76616	-17.282825	1044000	-9.536743e-09	501.1772	-0.020977594	-490.2544	0.9015467	0.016842002	0.26375	2.0	2430.8694648742676
261	480.25687	98.26164	792.10754	312.5974	90.11364	150.73065	60.40822	253.07205	-22.026104	1048000	6.055832e-08	589.7301	-0.020646999	-573.17694	0.9015355	0.015278584	0.24775	2.0	2440.233228445053
262	462.9259	87.07373	661.2743	272.88828	86.391304	143.83304	62.133884	247.03682	-23.356483	1052000	-5.722046e-09	552.5413	-0.018488782	-537.8716	0.9015298	0.015619683	0.26825	2.0	2449.8188638687134
263	441.69473	89.39851	662.1916	224.60478	82.95744	146.44165	63.748627	250.20157	-23.107191	1056000	-2.8133393e-08	512.9737	-0.018492637	-499.94504	0.90153444	0.020136923	0.295	2.0	2459.2886157035828
264	467.74838	121.092735	953.04596	305.51837	88.4	145.88979	60.662846	244.55518	-17.767555	1060000	-1.5497207e-08	542.92474	-0.018941354	-529.0225	0.9015254	0.017645447	0.29625	2.0	2468.794183731079
265	491.18896	114.76416	891.1602	274.96292	92.023254	147.8962	63.271473	257.10876	-29.19215	1064000	2.0503998e-08	537.88586	-0.020131351	-524.4081	0.90154743	0.021274164	0.34375	2.0	2478.2932233810425
266	450.30002	99.57325	733.92566	301.46866	85.521736	146.99371	63.819595	256.64047	-19.314085	1068000	3.1471252e-08	545.967	-0.016828686	-532.7492	0.9015717	0.019469317	0.32075	2.0	2487.4479899406433
267	476.97598	134.45268	987.15875	262.2563	90.906975	147.02477	62.369087	263.18683	-71.16112	1072000	-2.1457673e-08	637.2462	-0.018896237	-619.473	0.90155226	0.019910615	0.294	2.0	2496.888101577759
268	426.53738	109.75297	899.47705	264.2371	80.95918	142.84622	63.305935	252.10156	-22.560614	1076000	-1.3113022e-08	599.8724	-0.016821306	-585.44434	0.901497	0.029534394	0.3665	2.0	2506.3876922130585
269	424.97888	98.65813	678.7241	254.12534	79.78	140.29224	61.610657	253.64896	-15.953975	1080000	1.5497207e-08	570.1064	-0.017348243	-554.25195	0.90143204	0.020318493	0.22725	2.0	2515.87353849411
270	441.45184	125.519325	975.78516	261.9906	83.74468	144.32089	61.994427	249.06969	-42.778778	1084000	-2.8610229e-08	680.56836	-0.031064391	-662.0608	0.90139097	0.019210124	0.37525	3.0	2525.276162147522
271	442.40524	94.44105	682.272	239.41336	83.297874	143.67363	61.980846	256.50845	-34.374733	1088000	-6.306171e-08	512.19885	-0.022574488	-498.99164	0.901333	0.016623504	0.29725	2.0	2534.7390134334564
272	464.57758	119.00987	899.2336	290.73926	86.86667	145.3902	61.354073	255.17903	-28.80002	1092000	-7.7009204e-08	604.9286	-0.020211205	-590.65704	0.9012791	0.025514817	0.316	2.0	2544.238248348236
273	474.09247	115.06438	788.91943	256.02734	88.818184	152.88718	63.397194	268.42154	-19.823303	1096000	-1.1920929e-08	692.4971	-0.016907586	-671.4351	0.9012027	0.024731128	0.3385	2.0	2553.436723470688
274	435.30902	82.95132	656.58105	296.71045	81.265305	145.28807	64.53398	254.14355	-19.76198	1100000	-4.0411948e-08	484.98355	-0.019335713	-471.4547	0.90113485	0.019671403	0.30475	2.0	2562.6504213809967
275	455.59167	100.63307	795.45105	293.2567	84.93617	145.40228	60.070774	256.48923	-35.95933	1104000	4.220009e-08	573.22894	-0.018375928	-555.3443	0.901074	0.018057615	0.30275	2.0	2571.955071210861
276	465.58206	125.38965	938.1106	280.61707	86.608696	147.16528	62.82414	262.92337	-31.752111	1108000	9.274483e-08	623.73474	-0.017995337	-604.3805	0.90101016	0.02266275	0.31775	2.0	2581.3750541210175
277	437.45474	82.544044	685.8477	281.32605	81.083336	146.94997	61.848507	253.34239	-17.228374	1112000	2.193451e-08	484.4271	-0.015350818	-470.6991	0.9009553	0.03122792	0.35125	2.0	2590.995062351227
278	442.36975	80.76619	700.8626	295.9547	81.46939	145.44072	61.140736	259.5064	-21.487522	1116000	4.2915342e-09	464.1999	-0.017913174	-451.40582	0.9009389	0.02772017	0.31825	2.0	2600.454592227936
279	445.92673	100.674835	750.0304	298.96185	83.1875	143.43825	62.195686	253.6112	-17.619919	1120000	-1.4305115e-09	593.83386	-0.018289283	-572.0922	0.90090984	0.01545572	0.29925	2.0	2609.9240856170654
280	463.63376	119.51379	766.3336	257.4744	87.244446	145.49422	62.080082	244.79517	-23.891209	1124000	-8.34465e-09	527.55023	-0.018619291	-512.80255	0.90088916	0.016930828	0.2585	2.0	2619.2987773418427
281	475.05017	101.75941	751.38586	319.91937	88.44444	149.82338	63.23896	254.49223	-26.730352	1128000	2.861023e-09	497.33392	-0.0334385	-483.90723	0.90082914	0.016960513	0.34875	3.0	2629.0593824386597
282	465.5234	95.2016	662.4468	302.88327	86.71739	147.96945	61.947533	256.26694	-17.597229	1132000	-5.2452087e-09	492.853	-0.021769626	-479.7197	0.90083265	0.02056659	0.31925	2.0	2638.4071547985077
283	486.66193	111.88129	841.9806	285.27182	90.454544	150.80704	61.473392	256.4933	-36.463825	1136000	-1.9669534e-08	555.3325	-0.019345595	-538.31915	0.9008276	0.018157313	0.314	2.0	2647.786776304245
284	469.82816	93.251114	715.578	327.47153	87.681816	150.29916	63.94758	262.90576	-24.303196	1140000	-2.1219254e-08	537.3232	-0.016424207	-522.5002	0.9008362	0.02075744	0.324	2.0	2657.403662919998
285	437.63004	76.88301	684.49677	291.87018	82.208336	149.97481	64.10282	252.45212	-21.17233	1144000	4.220009e-08	525.8753	-0.017174935	-513.4551	0.9008541	0.016287617	0.3045	2.0	2667.0322918891907
286	434.45724	72.201385	679.617	329.41595	83.510635	138.19598	60.919514	243.65306	-20.93303	1148000	-1.9073486e-08	477.6366	-0.017124893	-465.3811	0.9008966	0.020265026	0.26525	2.0	2676.391648054123
287	491.23096	126.83603	821.22906	237.34113	92.83721	143.41414	60.708946	253.9789	-36.19667	1152000	-9.965897e-08	673.8444	-0.028001456	-654.2053	0.9009284	0.017212803	0.39325	3.0	2686.0574808120728
288	458.43286	125.77575	945.7726	246.67926	88.62222	146.93097	64.22289	261.3222	-21.233105	1156000	-3.194809e-08	592.7432	-0.020693224	-572.404	0.9009664	0.015416175	0.26725	2.0	2695.482753753662
289	475.4984	103.76534	819.66473	318.3133	89.61364	146.4391	62.720127	261.42432	-37.945312	1160000	1.6212464e-08	612.79266	-0.017108014	-592.8417	0.9009855	0.021435333	0.28575	2.0	2705.0648868083954
290	450.71616	106.357635	775.7767	274.38022	85.86957	145.23471	63.362278	264.0891	-21.59913	1164000	-1.3351441e-08	615.37286	-0.017876646	-595.4632	0.90098166	0.01846135	0.283	2.0	2714.6465175151825
291	484.21622	102.5545	735.43494	302.52277	91.95349	150.09076	61.37627	253.61446	-18.952333	1168000	3.5762786e-09	562.6073	-0.02023392	-544.1857	0.9009787	0.021958875	0.275	2.0	2724.2749190330505
292	505.54828	111.8876	786.44293	323.02435	94.95238	149.59978	62.668125	258.06683	-32.70635	1172000	4.768372e-10	465.65533	-0.017462341	-450.39	0.90096843	0.022899026	0.31	2.0	2733.73246383667
293	482.62686	104.22769	775.1538	305.65424	90.63636	154.32748	64.08392	261.31897	-20.734192	1176000	4.386902e-08	529.7695	-0.019419987	-513.40576	0.90092885	0.021117046	0.28975	2.0	2743.067133665085
294	500.30142	133.01463	875.4321	329.83585	94.5	145.99815	63.386227	263.6857	-36.74942	1180000	3.242493e-08	666.8309	-0.01742765	-643.5252	0.9008134	0.022314345	0.30125	2.0	2752.6578073501587
295	457.80646	101.02766	787.1763	319.31604	86.44444	149.69472	65.28132	271.69992	-36.729656	1184000	4.2438508e-08	536.66846	-0.01763683	-519.1724	0.9006934	0.022033976	0.2895	2.0	2762.0324239730835
296	471.71008	93.433754	767.45935	298.5554	88.666664	146.18889	63.071438	258.29572	-31.480824	1188000	3.2901763e-08	503.283	-0.019491531	-485.75247	0.90056914	0.017585468	0.285	2.0	2771.5582456588745
297	470.24167	89.341	838.85626	307.73672	87.755554	149.20372	61.57081	267.64758	-13.917777	1192000	-2.9563903e-08	456.55353	-0.016133752	-442.02454	0.90045846	0.022026382	0.29125	2.0	2780.856067419052
298	494.26758	128.40915	908.8749	286.28253	93.47619	151.71378	61.796787	257.74832	-14.830726	1196000	-4.768372e-10	550.0479	-0.017432963	-530.4188	0.90036285	0.016796662	0.322	2.0	2790.532819509506
299	456.63638	94.54706	784.5188	290.117	84.978264	147.88474	64.651436	264.636	-25.062624	1200000	3.2544136e-08	554.6134	-0.017367335	-535.8289	0.900275	0.017256066	0.27	2.0	2799.8369393348694
300	437.37802	89.89856	730.0116	259.6237	81.770836	146.77751	62.952637	256.9637	-11.443293	1204000	8.296966e-08	492.4022	-0.018451301	-476.7308	0.9002053	0.020660793	0.2835	2.0	2809.188308954239
301	516.442	139.91386	994.3734	334.228	96.14634	148.92662	60.72265	252.13861	-18.979303	1208000	5.722046e-09	690.0505	-0.019156301	-664.6121	0.9000955	0.019759996	0.2695	2.0	2818.5714399814606
302	449.6504	78.179436	650.25555	309.1648	83.702126	152.51062	66.520805	259.39893	-33.726654	1212000	-4.7683715e-09	599.3335	-0.018490734	-583.57947	0.8999967	0.019386988	0.2615	2.0	2827.8326122760773
303	462.70065	81.32711	666.2496	313.05203	85.347824	143.41618	62.456005	257.60754	-17.50968	1216000	-2.4199485e-08	554.0314	-0.030206362	-535.61694	0.8999326	0.016747365	0.33325	3.0	2837.4321839809418
304	473.09784	100.98431	872.88544	317.14172	87.888885	150.11818	61.10734	255.3632	-26.4948	1220000	3.0219557e-08	587.0945	-0.032279707	-567.7666	0.8998835	0.022276063	0.353	3.0	2847.04891204834
305	497.73923	108.845566	924.42706	299.41394	91.62791	151.86606	63.42622	259.5758	-22.132128	1224000	-2.3841858e-08	583.0078	-0.024205366	-563.957	0.8998152	0.016841076	0.28625	2.0	2856.5524237155914
306	483.8667	125.194756	841.48627	309.88065	89.545456	153.33336	62.57215	266.18155	-22.758364	1228000	7.236004e-08	685.9681	-0.017035399	-659.35455	0.89977634	0.022688458	0.3035	2.0	2865.991161108017
307	458.42703	113.7423	789.3524	295.38538	85.106384	152.06497	65.27628	257.25644	-32.525738	1232000	3.051758e-08	642.2391	-0.018898739	-619.4186	0.89974445	0.02846277	0.289	2.0	2875.3454854488373
308	484.08612	74.70779	682.182	305.94406	89.795456	147.69934	61.73493	256.0729	-19.55627	1236000	-6.2942505e-08	470.737	-0.019188581	-458.95493	0.8996883	0.02302593	0.31975	2.0	2884.5520493984222
309	499.89407	114.33958	777.1819	306.37756	92.690475	154.00975	63.862453	260.51572	-27.536509	1240000	-6.008148e-08	641.53687	-0.01844941	-619.3873	0.89962053	0.020071255	0.31775	2.0	2893.6842317581177
310	477.6827	95.61347	807.61383	334.20688	89.431816	152.58629	65.585144	266.0414	-18.307522	1244000	-7.867813e-09	566.5388	-0.01854246	-550.2181	0.8995836	0.019169414	0.30275	2.0	2903.211965560913
311	450.77432	111.69679	839.4816	257.751	85.478264	147.29204	63.161125	257.03976	-28.631998	1248000	-6.484986e-08	817.4109	-0.017580261	-786.1565	0.899501	0.022760734	0.323	2.0	2912.418606042862
312	447.8544	120.28246	796.92096	270.3375	84.3617	145.75694	63.45037	257.4598	-33.28415	1252000	4.005432e-08	797.30347	-0.032367174	-768.23145	0.8994168	0.020275138	0.33825	3.0	2921.617695569992
313	453.2175	91.96633	709.6166	274.52945	85.91111	142.05182	60.765804	256.39148	-42.06273	1256000	1.2552738e-07	811.89	-0.023298196	-786.2689	0.89927566	0.016507622	0.2495	2.0	2930.847430706024
314	463.6241	118.143616	932.7616	289.86676	86.565216	149.0289	62.698517	259.98026	-35.48702	1260000	-1.1444092e-08	732.05	-0.018890763	-701.9996	0.89917135	0.01634145	0.29525	2.0	2940.3088853359222
315	491.42184	149.73624	1033.1758	271.73294	92.06977	147.1253	63.992733	258.44498	-46.684143	1264000	-4.87566e-08	754.9145	-0.01702562	-727.2051	0.8990857	0.015906285	0.28825	2.0	2949.7341814041138
316	482.36093	142.54028	926.9653	115.39444	90.81396	153.49312	63.270157	262.76813	-18.820696	1268000	-7.355213e-08	832.32526	-0.021428388	-794.63336	0.8989784	0.019255444	0.30925	2.0	2958.9339916706085
317	449.3609	102.13887	819.0414	274.68777	84.680855	147.93759	65.662926	258.35153	-25.773232	1272000	-8.8214875e-09	641.0467	-0.0302387	-620.9431	0.89885044	0.019858604	0.36925	3.0	2968.200659275055
318	466.51285	107.059494	773.81946	293.9445	88.26667	146.29825	62.542225	250.51903	-21.756779	1276000	2.3841858e-08	608.39417	-0.021234287	-587.78314	0.8987241	0.016462013	0.2855	2.0	2977.7813415527344
319	449.9806	89.81794	739.0261	288.06064	83.40426	148.01886	63.706345	253.24876	-19.550083	1280000	1.001358e-08	553.0633	-0.018460665	-535.13477	0.8986716	0.020273479	0.281	2.0	2987.3112218379974
320	450.96036	82.55894	748.4075	297.148	83.3125	147.21704	62.199917	262.2335	-17.272615	1284000	-2.618134e-08	510.0759	-0.02069901	-491.3691	0.8986221	0.017938832	0.27525	2.0	2996.8985052108765
321	467.00867	100.67218	756.18097	270.99948	86.391304	146.11713	61.744884	262.02988	-22.35691	1288000	9.536743e-09	516.2728	-0.020106943	-499.09494	0.8985836	0.025292218	0.30525	2.0	3006.1594190597534
322	495.99414	134.09648	1096.0961	359.32718	91.093025	153.48889	61.431103	257.38004	-14.9015665	1292000	-2.9563903e-08	615.5179	-0.016568784	-592.1265	0.89851665	0.029829796	0.342	2.0	3015.3922913074493
323	461.29135	113.11542	939.1694	284.22092	85.63043	151.49934	65.04779	260.6548	-40.120583	1296000	-1.66893e-08	656.4772	-0.017036378	-633.81323	0.89843386	0.023724958	0.295	2.0	3024.5847775936127
324	479.84763	106.01302	784.60645	270.39578	88.86364	150.00418	61.702087	259.77313	-30.23354	1300000	-1.7642975e-08	585.1832	-0.01664199	-566.6334	0.8983317	0.018231316	0.27975	2.0	3034.0232758522034
325	441.40005	87.1239	753.2632	314.51825	82.604164	148.03844	65.21718	261.40207	-36.540676	1304000	9.536744e-10	565.88544	-0.020701785	-551.27844	0.8982335	0.024246477	0.31825	2.0	3043.086549282074
326	485.0497	98.19972	827.34784	326.08356	89.88636	148.56502	61.48274	251.49107	-29.69529	1308000	-1.001358e-08	521.5391	-0.020935576	-504.30875	0.8981444	0.017999325	0.2785	2.0	3052.2278139591217
327	510.96875	129.76448	860.1114	289.06058	93.95238	151.96384	62.276825	257.91776	-29.102715	1312000	-1.3351441e-08	906.2185	-0.017681167	-868.5074	0.8980642	0.020174216	0.29825	2.0	3061.7232291698456
328	468.6218	99.549446	694.99066	298.28326	87.55556	156.0823	66.37168	264.2224	-40.1286	1316000	-3.004074e-08	784.3445	-0.020126266	-762.4672	0.8979869	0.023491781	0.318	2.0	3070.89346909523
329	462.1047	108.87505	676.51196	273.04007	86.065216	146.11331	62.585674	260.75418	-18.890924	1320000	-4.5657156e-08	731.5307	-0.019765904	-702.3207	0.89789873	0.01997297	0.28575	2.0	3080.3421545028687
330	477.09845	98.650764	749.6462	278.86197	88.26667	151.14581	64.298	264.5348	-30.154472	1324000	-2.6702882e-08	611.7288	-0.021738624	-591.1355	0.89779466	0.018482473	0.29925	2.0	3089.4663677215576
331	452.40387	89.09676	676.8268	208.35565	83.702126	148.67143	62.629143	261.8802	-13.336382	1328000	3.4809112e-08	550.4751	-0.031239579	-526.7276	0.89770144	0.016783105	0.37825	3.0	3098.681177854538
332	480.0623	100.996445	764.8639	300.03284	87.48889	150.38106	62.408375	253.87679	-1.4951634	1332000	5.5789947e-08	518.8651	-0.020294838	-498.23886	0.897531	0.017229034	0.2605	2.0	3107.944582223892
333	495.46808	99.1006	757.82904	348.9041	90.38636	151.9662	62.5648	271.5461	-21.922821	1336000	-1.0251999e-08	565.052	-0.020504247	-546.0795	0.8974482	0.015249108	0.26125	2.0	3117.407387971878
334	491.36902	101.183075	715.5019	286.56927	90.13636	157.73894	63.83707	268.28842	-31.290052	1340000	-2.7179718e-08	583.4791	-0.01828383	-562.1514	0.89742213	0.01759283	0.27675	2.0	3126.868731737137
335	465.51508	93.699974	752.5761	307.1825	86.5	149.45743	66.03005	267.35587	-22.31948	1344000	-4.863739e-08	511.53732	-0.0193239	-493.36774	0.89740014	0.021947807	0.24825	2.0	3136.403965473175
336	460.75858	105.948586	903.12317	315.0934	85.17391	148.51056	62.49109	261.67587	-10.891063	1348000	1.6450882e-08	566.28174	-0.020209625	-543.56714	0.89740396	0.01654326	0.2745	2.0	3145.58251452446
337	475.50607	96.774475	695.25836	316.33838	88.04444	149.93701	62.166225	257.7599	-38.549313	1352000	-4.5776368e-08	566.10846	-0.017900944	-546.8218	0.8974154	0.018070789	0.28175	2.0	3155.0309875011444
338	482.64554	113.8473	800.1377	300.18948	89.09091	150.76903	63.587532	262.28925	-23.052574	1356000	5.4359436e-08	618.4328	-0.02234124	-597.14044	0.89743555	0.015327755	0.2225	2.0	3164.405717611313
339	478.52255	154.57666	1253.9174	294.62366	88.931816	153.28394	62.905243	267.80826	-21.076645	1360000	-3.576279e-08	689.65985	-0.018355025	-664.8157	0.8974507	0.02155539	0.329	2.0	3173.8198215961456
340	504.01697	126.29179	892.6725	301.8123	95.04878	149.73125	64.73166	261.50986	-39.581684	1364000	-2.2649765e-08	715.77295	-0.017789531	-688.5628	0.897428	0.019046832	0.28875	2.0	3183.2068581581116
341	495.2728	116.89315	815.71936	311.72455	91.51163	155.7966	64.44077	274.73764	-47.733597	1368000	-2.9325486e-08	731.2528	-0.019131955	-705.92706	0.89735276	0.015742665	0.2895	2.0	3192.4535076618195
342	446.42603	102.13798	830.9993	289.72855	83.38298	152.51572	66.18817	269.6181	-29.683403	1372000	1.3351441e-08	697.83014	-0.020147422	-675.01776	0.8972662	0.015301594	0.261	2.0	3201.876554965973
343	480.05487	112.85512	735.0941	292.19806	89.72727	147.65747	62.933548	251.38342	-18.119202	1376000	2.9563903e-08	737.4255	-0.016269755	-708.6039	0.89720947	0.021450749	0.32425	2.0	3211.04696893692
344	466.91992	94.55216	744.27765	299.89972	86.152176	149.06133	64.66548	259.55502	-47.211464	1380000	3.1232833e-08	617.51666	-0.031834226	-594.09357	0.8971447	0.020325767	0.34375	3.0	3220.297059774399
345	494.48965	138.1572	1074.7291	282.61276	92.16279	149.85596	61.950882	262.87714	-14.992319	1384000	2.7179718e-08	706.3761	-0.0319097	-678.6979	0.89703184	0.022736415	0.35325	3.0	3229.6907188892365
346	464.11707	89.478546	698.8936	297.95773	85.45652	153.02808	63.37527	263.09634	-28.409182	1388000	-3.0994416e-09	558.4888	-0.023977226	-540.13464	0.89691925	0.016851483	0.289	2.0	3239.1482725143433
347	459.3973	87.20148	747.1925	306.91797	84.12766	147.92722	62.821392	259.81873	-46.129494	1392000	1.835823e-08	575.92865	-0.01720678	-553.56195	0.8968614	0.018549915	0.28	2.0	3248.310317993164
348	473.11258	110.42771	736.61676	283.16162	87.422226	151.01385	63.881535	256.36636	-41.22503	1396000	2.6702882e-08	636.1484	-0.020311069	-609.85693	0.89682615	0.018637626	0.2445	2.0	3257.7580773830414
349	500.96457	114.80591	846.16174	309.90015	91.674416	155.55713	61.639	259.74158	-34.21085	1400000	-2.7179718e-08	739.4351	-0.019817043	-709.4507	0.8968016	0.020237064	0.2705	2.0	3267.159229040146
350	474.91345	105.84519	761.45386	257.4332	87.666664	150.17503	63.647697	257.723	-38.563396	1404000	1.513958e-08	741.372	-0.029076831	-719.35815	0.89676225	0.020223228	0.35475	3.0	3276.594589948654
351	485.46643	109.79757	780.6336	313.67072	90.790695	149.19635	64.011604	261.30124	-36.744305	1408000	-2.9087067e-08	588.4841	-0.030295426	-568.1926	0.89673036	0.021346105	0.379	3.0	3286.0462124347687
352	485.93777	97.09731	700.0411	308.9799	90.75	151.55222	65.32773	269.56046	-24.2347	1412000	-1.5735626e-08	599.8359	-0.019948522	-577.92676	0.8966441	0.019363763	0.3005	2.0	3295.1702420711517
353	475.38727	97.330246	759.932	335.506	87.71111	151.249	62.99709	252.49115	-38.759552	1416000	-5.173683e-08	726.9584	-0.017039217	-703.4026	0.8965876	0.026652409	0.353	2.0	3304.606076478958
354	472.26385	90.52419	700.33057	313.8172	86.78261	150.78923	62.49754	264.16382	-16.247444	1420000	-9.775162e-09	579.26874	-0.029539237	-556.7739	0.89654344	0.02034801	0.35875	3.0	3313.8497829437256
355	497.57254	153.31676	916.04346	300.38696	91.81396	156.49666	62.56899	251.30637	-9.713046	1424000	-2.8610229e-08	772.44104	-0.033631235	-740.068	0.8965049	0.019452114	0.304	3.0	3323.1383242607117
356	483.1334	96.57651	869.84357	326.278	89.63636	152.68109	65.417145	262.5375	-26.361683	1428000	-1.4781952e-08	683.8435	-0.032779016	-663.87335	0.8964778	0.02199675	0.37075	3.0	3332.649530649185
357	466.34885	84.63096	671.8356	328.15366	86.804344	151.73691	63.031372	268.84268	-25.170517	1432000	2.9087067e-08	606.3637	-0.023955747	-585.8982	0.8964585	0.018381346	0.28075	2.0	3342.0900452136993
358	475.0373	97.35462	831.3195	317.4272	87.62222	145.00829	62.495045	255.32953	-29.35339	1436000	-3.194809e-08	550.3481	-0.019026754	-531.8918	0.89642197	0.019971011	0.339	2.0	3351.335742712021
359	466.17783	119.60407	945.5731	270.3363	87.53333	151.85013	65.17465	282.00314	-19.91704	1440000	-5.2452087e-09	641.89276	-0.015617586	-615.09766	0.89637583	0.017571462	0.30875	2.0	3360.541538953781
360	478.75995	113.45691	864.8499	303.85373	88.77778	148.58296	63.432087	253.39844	-47.62219	1444000	-5.0961972e-08	637.66815	-0.030342765	-610.5482	0.89634013	0.02066558	0.3505	3.0	3370.1588611602783
361	495.41202	115.885925	818.0097	300.60187	91.34884	153.68361	62.610435	262.52826	-36.301277	1448000	-4.196167e-08	713.139	-0.031354155	-683.1105	0.89626706	0.023132695	0.381	3.0	3379.4521124362946
362	480.8848	128.55588	908.977	296.36072	87.888885	153.06747	63.95706	259.39035	-15.205179	1452000	-6.6757204e-09	630.99475	-0.02424639	-604.389	0.89625835	0.016981868	0.2315	2.0	3388.729525566101
363	450.98868	89.43633	636.84393	278.00525	82.375	151.96896	64.756615	268.9496	-22.572613	1456000	-3.027916e-08	612.16785	-0.018930802	-590.8549	0.8962758	0.026557976	0.336	2.0	3398.2448790073395
364	477.36823	120.34364	780.16785	305.89062	86.95556	150.55344	61.34478	257.6498	-20.722284	1460000	7.426739e-08	622.279	-0.016079042	-596.3035	0.8963006	0.019516682	0.298	2.0	3407.559484243393
365	480.86298	87.94463	697.3008	322.42224	87.64445	149.85378	65.6543	267.76157	-38.359123	1464000	2.8133393e-08	596.99493	-0.019387411	-576.18054	0.8962695	0.02181681	0.291	2.0	3417.048985004425
366	482.4454	93.57723	712.4576	356.48648	86.891304	153.6302	62.17653	260.8311	-7.5515447	1468000	1.0967255e-08	472.91376	-0.017140828	-456.11282	0.8962482	0.0198229	0.3365	2.0	3426.4886305332184
367	493.56686	118.23682	865.0147	214.08382	89.52273	153.69841	63.861774	271.8586	-24.58938	1472000	1.2207032e-07	622.4521	-0.02864728	-597.3144	0.8961945	0.019389195	0.364	3.0	3435.701763153076
368	483.86887	123.65369	900.44226	283.53357	87.71111	156.18141	64.24598	271.19794	-29.752415	1476000	-4.1127205e-08	619.10815	-0.022689825	-592.41455	0.8960932	0.017463418	0.27475	2.0	3444.8751635551453
369	455.7111	86.7372	704.86304	296.89465	82.979164	153.68428	65.44336	269.56073	-41.620106	1480000	4.0650367e-08	558.4178	-0.017039325	-538.16644	0.8960127	0.015008749	0.28125	2.0	3454.320683002472
370	482.12024	123.75826	788.6849	299.2138	87.73333	152.05775	61.743164	255.78995	-32.38029	1484000	3.3378602e-09	732.6618	-0.018661605	-704.4947	0.8959214	0.021008426	0.2875	2.0	3463.4535269737244
371	487.37817	111.60514	811.96515	333.54962	88.86667	151.12799	66.26194	262.1001	-34.370583	1488000	1.7166137e-08	685.7944	-0.020560415	-657.6915	0.89586145	0.022849433	0.32375	2.0	3472.6482412815094
372	461.25583	101.04341	756.2627	304.2855	83.40426	152.40726	64.027916	276.1256	-19.532106	1492000	1.2397766e-08	609.2144	-0.017807173	-584.2172	0.89580405	0.020100925	0.275	2.0	3482.1275045871735
373	485.482	125.061424	1016.0568	274.86722	87.755554	155.50081	62.813583	262.25198	-14.751337	1496000	-2.7656554e-08	632.8067	-0.01853571	-606.8834	0.89573896	0.01888952	0.2995	2.0	3491.412945508957
374	450.79868	96.478676	770.35443	315.65662	83.59574	151.71606	65.27767	264.0184	-26.577896	1500000	-5.722046e-09	820.6131	-0.028264115	-791.651	0.8956529	0.017152848	0.31825	3.0	3501.0900070667267
375	500.11795	126.49243	847.6846	246.65857	90.795456	151.1422	60.93171	254.016	-20.281815	1504000	-2.9087067e-08	739.66986	-0.018709064	-708.2085	0.8955024	0.015260371	0.2895	2.0	3510.5767867565155
376	456.50336	79.55297	651.8058	319.43045	83.06383	155.87553	65.4299	266.37744	-14.855434	1508000	-6.818772e-08	615.3931	-0.018915217	-592.86365	0.89542806	0.016833188	0.271	2.0	3519.8209285736084
377	472.31497	107.581726	742.6381	296.89572	86.695656	149.60272	62.76871	275.7545	-20.714146	1512000	4.053116e-08	550.74207	-0.016119683	-528.54724	0.89537567	0.025802584	0.35425	2.0	3529.3755917549133
378	483.81082	128.12523	1153.7607	315.9572	88.53333	152.0306	63.702896	271.64304	-41.072453	1516000	1.8835069e-08	666.8136	-0.018014323	-640.6524	0.895293	0.020554276	0.2845	2.0	3538.821024417877
379	498.1077	121.10232	907.2841	296.4198	91.74419	152.92706	65.49252	264.03	-16.417034	1520000	8.5830685e-09	596.53644	-0.017786792	-570.9313	0.8952066	0.020120485	0.30375	2.0	3548.345323085785
380	498.66602	124.18564	838.92096	301.40842	92.04651	155.90732	63.08876	264.6803	-21.103094	1524000	-2.169609e-08	651.7132	-0.017582994	-622.1198	0.8951559	0.028516373	0.354	2.0	3557.551869392395
381	506.5757	107.0725	706.4718	312.48224	93.666664	156.83311	63.74518	271.37216	-27.351889	1528000	-4.196167e-08	689.89276	-0.01564989	-661.258	0.895119	0.01899292	0.293	2.0	3566.95486164093
382	494.45663	100.11472	810.5084	328.70496	90.704544	153.66728	65.31785	269.70633	-36.5762	1532000	-2.336502e-08	636.9944	-0.018112244	-612.2455	0.8950881	0.01940533	0.31475	2.0	3576.122965335846
383	486.37567	110.88472	877.07074	270.03537	89.84091	154.31226	65.713936	262.06332	-43.16409	1536000	-2.5987624e-08	653.7041	-0.03178245	-630.2351	0.89507097	0.017966434	0.31975	3.0	3585.55747795105
384	467.96194	91.12478	695.0878	309.95862	86.5	151.66937	65.00389	261.77374	-25.51701	1540000	-9.536744e-10	562.9227	-0.020559927	-540.58405	0.8949744	0.015688619	0.2605	2.0	3594.8285553455353
385	467.3089	108.88323	843.50397	303.75504	86.58696	148.68484	61.736492	258.69202	-37.211143	1544000	-3.3140182e-08	749.8716	-0.019354688	-719.00085	0.89488846	0.017040923	0.277	2.0	3603.960287094116
386	481.0502	131.7195	827.4875	296.61093	89.27273	149.51779	62.632687	258.955	-17.504309	1548000	-4.9114227e-08	758.6977	-0.022812944	-726.0527	0.8948339	0.021730592	0.30025	2.0	3613.3339619636536
387	471.80295	123.60585	851.29846	264.95905	86.82609	153.44814	65.823814	273.9286	-17.573915	1552000	4.7683715e-09	712.5361	-0.018379435	-681.03687	0.8947615	0.021137593	0.3215	2.0	3622.5497620105743
388	488.3998	118.74468	844.88727	344.58282	90.46512	149.58745	64.55093	262.09064	-34.661335	1556000	-3.8146974e-09	795.7333	-0.019264435	-764.05774	0.89466953	0.020698886	0.2955	2.0	3631.684561729431
389	481.9277	113.04408	736.8817	289.89392	90.16279	153.99509	65.22753	273.62955	-28.996136	1560000	4.1007997e-08	666.8985	-0.02660713	-638.2008	0.89460695	0.021575712	0.369	3.0	3641.2248899936676
390	488.6744	119.54592	843.88586	304.55814	90.75	150.96391	66.16933	259.53156	-41.358463	1564000	-8.5830685e-09	627.9505	-0.022678858	-601.4385	0.89457726	0.018403005	0.278	2.0	3650.6589097976685
391	508.04248	127.83455	876.41907	334.39218	91.46512	160.53145	63.995102	275.68796	-32.33374	1568000	-3.9577483e-08	643.9065	-0.018684095	-617.2699	0.8945553	0.023680167	0.2805	2.0	3660.074951171875
392	484.39743	118.192245	849.635	275.0616	88.22727	155.63979	66.82029	268.44315	-15.388581	1572000	-4.673004e-08	739.34973	-0.018555356	-703.72766	0.89453155	0.017232504	0.2775	2.0	3669.196597337723
393	477.07687	85.425835	752.06683	317.2856	86.888885	151.79222	65.58109	271.70346	-25.951439	1576000	-1.9073486e-08	538.7313	-0.018412847	-521.10425	0.8945182	0.015449529	0.25275	2.0	3678.655502319336
394	445.05286	83.210785	651.48444	236.67072	81.729164	150.59126	63.92016	259.10095	-20.772001	1580000	-4.2915342e-09	521.74225	-0.030010635	-501.0303	0.894548	0.020354228	0.34075	3.0	3688.0708508491516
395	469.18988	86.08265	661.29944	293.80963	86.0	149.23723	63.20347	255.71974	-25.52036	1584000	-6.7949294e-08	487.2517	-0.023032285	-470.02606	0.89460903	0.018320357	0.2565	2.0	3697.4650683403015
396	506.60605	104.090836	781.74286	334.4138	92.46512	153.35898	63.270325	270.2425	-30.556936	1588000	-2.0742416e-08	664.2758	-0.01824554	-638.95593	0.8946173	0.02054554	0.28775	2.0	3706.855043888092
397	513.84045	149.21219	1226.8733	303.97	93.61905	158.76028	63.451073	258.61212	-17.303553	1592000	6.341934e-08	682.0244	-0.016432017	-648.55505	0.8946034	0.019895284	0.27075	2.0	3716.2526512145996
398	472.0175	85.295456	755.1064	317.25363	86.847824	152.8645	65.3828	264.05844	-30.68643	1596000	4.9114227e-08	567.28644	-0.021544114	-550.17914	0.8946323	0.01895621	0.2715	2.0	3725.7305295467377
399	474.21432	110.39803	777.84094	256.35773	85.978264	152.2675	63.445946	260.95966	-14.614219	1600000	-1.11818316e-07	508.81195	-0.02902423	-485.82236	0.89465594	0.020984866	0.3205	3.0	3734.8988060951233
400	427.80972	94.89817	639.1611	246.26584	79.04	146.12082	64.822876	271.36246	-34.300224	1604000	-2.7418137e-08	580.916	-0.020999076	-555.8178	0.8946971	0.016840477	0.26225	2.0	3744.2811756134033
401	475.1335	110.003426	747.2067	324.09665	86.86667	148.13123	61.913754	258.5692	-37.704132	1608000	-3.015995e-08	584.5207	-0.015378156	-562.60754	0.8947451	0.021355662	0.334	2.0	3753.65571975708
402	487.8756	85.45173	789.8395	359.32996	89.0	155.5609	63.84461	266.2203	-15.449331	1612000	-2.4080277e-08	529.25415	-0.01793852	-510.46152	0.89473903	0.01975238	0.284	2.0	3763.1578114032745
403	453.7268	94.66053	681.43134	311.49268	82.458336	150.71046	64.03029	259.70782	-31.394518	1616000	1.859665e-08	542.6149	-0.021603301	-521.8505	0.8946904	0.016476508	0.248	2.0	3772.3856081962585
404	480.16776	122.167786	815.02234	248.67953	87.4	150.51857	62.606167	262.9675	-22.656076	1620000	2.6226044e-08	695.5036	-0.01862699	-665.4696	0.89465904	0.017903859	0.31225	2.0	3781.6354422569275
405	469.68933	72.47939	693.9887	316.65634	85.978264	152.97385	65.69562	270.10382	-26.257397	1624000	-2.9325486e-08	514.5765	-0.01997164	-498.7309	0.8946455	0.020000556	0.29375	2.0	3791.142256259918
406	497.3368	118.492386	760.0054	313.62292	90.545456	151.7697	63.904522	259.2633	-18.941484	1628000	-2.384186e-10	594.1761	-0.027062995	-569.08954	0.8946386	0.023864625	0.37875	3.0	3800.813348531723
407	497.32278	102.99455	817.00964	309.4879	89.61364	158.05707	63.71528	273.18665	-18.04676	1632000	8.773804e-08	511.64542	-0.029774308	-491.58377	0.8945871	0.02351331	0.336	3.0	3810.2326781749725
408	508.51562	137.56987	1024.812	295.40225	92.558136	158.2296	64.73515	267.67957	-18.827372	1636000	-7.8678134e-08	606.9166	-0.024249846	-584.3817	0.89444804	0.01525432	0.23275	2.0	3819.5729196071625
409	515.69836	127.10005	850.304	312.58368	93.833336	156.39902	66.539345	278.80197	-34.924297	1640000	-2.0503998e-08	644.9307	-0.016798079	-619.72	0.89433825	0.018362502	0.30025	2.0	3829.027270078659
410	479.8495	113.29656	837.3174	253.15034	88.04444	156.87215	67.32962	271.17593	-73.66224	1644000	-9.894371e-09	681.0083	-0.016976437	-654.612	0.89421594	0.018557968	0.30875	2.0	3838.2768816947937
411	491.0526	127.334404	929.85455	313.24786	89.40909	152.30025	64.18877	265.19003	-31.447529	1648000	2.4318695e-08	608.2896	-0.019054597	-583.0552	0.89408976	0.01592631	0.242	2.0	3847.697854042053
412	479.0253	103.43764	950.5602	356.61823	87.48889	155.07397	66.44942	286.3979	-22.623997	1652000	-1.3828277e-08	578.68475	-0.019435642	-555.0262	0.8939543	0.017856056	0.30075	2.0	3856.9536452293396
413	480.33173	138.0021	979.5902	306.02478	87.933334	155.9305	64.52911	263.14542	-33.383747	1656000	3.9577483e-08	608.14746	-0.015932882	-579.2673	0.89381903	0.016224936	0.291	2.0	3866.4070076942444
414	517.2565	109.044655	801.7166	290.78143	95.21429	153.64107	65.149	268.83398	-63.652473	1660000	-1.7166137e-08	663.946	-0.03146244	-638.6282	0.8936857	0.018378448	0.34575	3.0	3875.943526506424
415	522.8217	117.50179	793.6234	257.73563	96.02439	157.26775	64.95118	271.78836	-23.249125	1664000	-5.1021576e-08	608.9697	-0.055822223	-587.88873	0.8934988	0.015859323	0.36475	5.0	3885.2067725658417
416	500.42874	92.7487	952.4512	371.66882	92.093025	157.88768	67.23661	274.18958	-30.861975	1668000	-4.720688e-08	610.23303	-0.019441096	-586.0293	0.89339995	0.019468663	0.25625	2.0	3894.606590986252
417	478.50974	114.75204	845.60034	272.71304	88.35555	152.9037	64.21804	261.8457	-23.717392	1672000	3.8146974e-09	620.5636	-0.019697735	-593.4508	0.89336014	0.015994703	0.27325	2.0	3904.003829240799
418	525.0847	157.19539	1202.1691	331.32278	96.560974	155.32158	63.67162	271.75055	-23.50806	1676000	7.5340274e-08	673.07043	-0.01694699	-646.0488	0.89335215	0.021450749	0.3295	2.0	3913.4212284088135
419	472.88223	92.592705	735.5735	306.7985	86.91304	156.6186	67.23966	275.68387	-77.05696	1680000	-7.152558e-08	682.88367	-0.014943928	-655.64087	0.8933557	0.02147929	0.30225	2.0	3922.996004343033
420	486.53894	114.68452	1024.0392	335.24158	88.31111	152.96814	62.871635	262.65924	-24.734367	1684000	1.3828277e-08	572.4331	-0.017118959	-549.9413	0.8933646	0.018206574	0.29475	2.0	3932.4781692028046
421	488.45956	106.6605	873.8377	292.97162	89.63636	152.95805	63.78465	261.42758	-13.902644	1688000	7.4863436e-08	637.5429	-0.019624317	-610.9371	0.89338267	0.02373452	0.3065	2.0	3941.6058242321014
422	493.88525	119.37932	895.3364	275.42087	90.11364	156.16037	63.584488	262.21042	-20.836857	1692000	4.887581e-08	626.64685	-0.018943958	-600.62054	0.89337915	0.020067098	0.2365	2.0	3950.881299972534
423	474.34747	107.54064	804.2365	327.84824	86.304344	152.37288	65.26485	262.487	-42.619743	1696000	-5.4836273e-09	619.9165	-0.020228082	-593.1018	0.8933668	0.023819854	0.27825	2.0	3960.4059822559357
424	490.24323	105.19858	719.6631	306.23254	88.666664	154.17072	62.306652	275.53775	-26.20898	1700000	-2.9087067e-08	614.92816	-0.017218607	-587.76483	0.893384	0.021783264	0.32675	2.0	3969.908992290497
425	502.24738	130.10936	829.1943	273.40417	90.27273	157.596	63.98918	279.81158	-13.175764	1704000	4.696846e-08	705.79126	-0.01920483	-677.9195	0.8933552	0.018698188	0.25625	2.0	3979.3266067504883
426	502.0878	119.75948	792.54004	284.92822	91.093025	157.72128	65.037224	268.80475	-20.777409	1708000	-5.3882598e-08	624.11615	-0.021772059	-599.91815	0.8933065	0.020037299	0.27875	2.0	3988.6343982219696
427	460.85477	94.65329	730.2685	257.62354	84.97872	151.54115	65.674576	273.0477	-24.918493	1712000	3.951788e-08	728.6066	-0.015431606	-692.9058	0.8932383	0.018103302	0.281	2.0	3997.80073928833
428	504.61395	119.07217	803.0947	249.65154	91.81396	152.20985	62.503742	257.68292	-27.862047	1716000	1.7166137e-08	760.732	-0.018030487	-727.971	0.89316314	0.016927712	0.281	2.0	4007.0050461292267
429	490.03464	121.97914	833.15314	286.96097	88.86667	155.71225	67.35402	266.3769	-36.80716	1720000	-1.0371208e-08	685.09784	-0.017760342	-657.99225	0.8931027	0.017947331	0.30075	2.0	4016.257127046585
430	474.09326	108.51328	850.7455	276.1529	87.0	154.48727	64.11343	272.13284	-28.70846	1724000	-4.2557716e-08	608.1607	-0.018796925	-582.7167	0.8930593	0.020819435	0.2815	2.0	4025.648834466934
431	494.37726	88.4824	705.41113	343.92575	90.795456	152.68124	64.56301	270.97784	-16.675575	1728000	-2.002716e-08	582.258	-0.016290307	-559.25977	0.8929898	0.018851843	0.3115	2.0	4034.7518100738525
432	496.1636	114.04012	814.5615	328.50696	89.88636	152.63094	64.94439	262.65277	-13.90709	1732000	-1.9550324e-08	660.8628	-0.02271721	-630.58167	0.89293206	0.01775182	0.2705	2.0	4044.1184537410736
433	466.08344	92.8325	704.5747	271.67407	84.82979	155.07379	65.682274	271.1532	-19.485945	1736000	5.6266785e-08	603.6151	-0.029506646	-577.9418	0.892861	0.018745441	0.35	3.0	4053.54229927063
434	504.49484	128.35397	808.94324	335.12958	92.90476	149.87605	61.417194	280.8701	-34.868015	1740000	-3.4332274e-08	787.4582	-0.021064665	-752.1747	0.89276516	0.018277587	0.28175	2.0	4062.8918826580048
435	494.11874	109.146126	787.5275	291.16772	90.0	156.53519	65.78717	268.1081	-13.888083	1744000	-1.3351441e-08	572.78265	-0.017213246	-546.21655	0.8927105	0.019393887	0.26725	2.0	4072.1132402420044
436	493.7943	125.19742	755.7602	317.21185	89.0	155.34003	64.25468	272.5837	-16.000032	1748000	-3.242493e-08	578.407	-0.022197215	-545.7551	0.89266276	0.01803401	0.269	2.0	4081.4123446941376
437	499.79813	126.490616	1024.1732	325.06213	90.13636	158.61572	65.749664	267.21097	-43.693146	1752000	-2.6464463e-08	571.10114	-0.01571197	-541.61975	0.8925903	0.016079755	0.3005	2.0	4090.7098314762115
438	495.70496	95.28068	730.0659	295.6162	89.795456	158.13937	64.090294	273.2969	-19.107756	1756000	2.5272369e-08	687.08014	-0.01793077	-655.9575	0.8924973	0.01922999	0.257	2.0	4100.153512477875
439	489.4745	105.11009	812.70746	330.2035	88.6	151.0906	65.51191	260.0547	-21.917015	1760000	-2.7894973e-08	650.0931	-0.018319074	-620.2601	0.89239174	0.024424106	0.31975	2.0	4109.500941514969
440	496.59454	123.69091	945.0157	304.65152	90.02273	159.1278	63.884247	266.45538	-21.866278	1764000	1.692772e-08	660.71985	-0.017377235	-632.8067	0.89231396	0.021077162	0.28625	2.0	4118.820990562439
441	507.35587	134.5206	1104.3835	321.07895	92.74419	153.79678	64.61962	270.45786	-31.57279	1768000	-1.2397766e-08	652.80615	-0.033462733	-622.1156	0.89222485	0.019034175	0.29675	3.0	4128.206587553024
442	481.9706	117.15731	876.3518	299.8695	88.77273	155.31433	66.88462	270.99557	-24.409111	1772000	-3.8146974e-09	731.0028	-0.023522643	-695.25806	0.89214295	0.01599274	0.23625	2.0	4137.862947702408
443	486.3639	98.32755	734.762	301.83728	87.77778	157.29831	63.68623	254.0008	-36.141346	1776000	5.722046e-09	622.8079	-0.021407692	-593.8106	0.89211535	0.021731412	0.3435	2.0	4147.129255533218
444	486.6145	122.348206	834.95013	304.09018	88.8	152.9682	65.04432	276.56186	-21.95081	1780000	1.001358e-08	661.1522	-0.02717901	-623.1339	0.89210874	0.019842247	0.364	3.0	4156.732031106949
445	474.65823	106.6866	690.0168	332.37946	86.36957	155.30748	64.31526	258.2167	-27.94173	1784000	-1.3828277e-08	737.5031	-0.035481386	-699.5134	0.89205736	0.020947285	0.3155	3.0	4166.255738019943
446	497.67493	120.40782	781.0401	251.99384	90.181816	154.07802	64.46748	267.04343	-17.161434	1788000	-1.3232231e-08	744.6653	-0.022058351	-707.2102	0.89199626	0.01605474	0.31525	2.0	4175.5694699287415
447	457.2562	93.05182	691.31323	335.88608	83.333336	150.69919	66.347534	276.6025	-64.46397	1792000	1.1444092e-08	723.6994	-0.017753454	-688.08057	0.89195776	0.020126425	0.30125	2.0	4184.6817581653595
448	515.14343	145.28003	960.6341	289.24127	95.48781	153.02457	62.3128	279.6785	-27.297443	1796000	-4.0769578e-08	833.2182	-0.018845126	-796.7314	0.8919299	0.021508116	0.29575	2.0	4194.141719341278
449	474.4173	123.291145	861.8012	227.13138	86.478264	156.30463	67.50731	274.44852	-27.008535	1800000	-3.3140182e-08	736.8277	-0.02022458	-694.7413	0.89191353	0.015896177	0.28375	2.0	4203.471049070358
450	516.4073	152.62885	996.6322	257.60544	95.21429	157.0818	62.598427	273.6905	-40.555035	1804000	2.336502e-08	889.59796	-0.017569117	-837.22833	0.89190334	0.019679826	0.29775	2.0	4212.631430387497
451	467.45404	123.439964	871.76227	230.73561	86.977776	151.11403	66.97072	266.8366	-28.35789	1808000	-2.2411346e-08	701.1798	-0.021213992	-663.0132	0.8919077	0.023986513	0.333	2.0	4221.857545852661
452	479.3387	96.529755	707.25146	325.56232	86.71111	153.98225	63.286682	273.46207	-20.67555	1812000	3.33786e-08	643.075	-0.017152568	-609.41943	0.89188606	0.021484582	0.312	2.0	4231.28915309906
453	474.3097	77.01585	691.991	345.11746	85.891304	152.59846	64.86968	265.26065	-28.350582	1816000	3.039837e-08	496.54358	-0.01553295	-473.27826	0.8918185	0.026541017	0.32125	2.0	4240.797796726227
454	506.2329	123.202576	871.15405	354.3516	91.139534	154.2806	62.329655	260.9117	-32.32999	1820000	3.1471252e-08	674.5945	-0.018122118	-637.3871	0.89175797	0.021975815	0.295	2.0	4250.097232103348
455	483.59927	109.976715	858.73773	296.16824	87.422226	158.04872	65.48553	260.0423	-30.885849	1824000	-2.6226044e-08	625.5989	-0.020224957	-591.0044	0.8917271	0.023216017	0.2695	2.0	4259.300425052643
456	478.26022	140.93942	907.89374	289.75247	86.73913	152.89119	65.38422	261.92752	-42.02156	1828000	3.170967e-08	837.9885	-0.0203545	-788.6789	0.89167315	0.019125514	0.31325	2.0	4268.790651321411
457	469.10095	84.19435	828.38403	320.8566	84.97872	152.17566	64.52104	261.7948	-39.899815	1832000	-6.6757204e-09	639.03973	-0.017390916	-609.3432	0.8915819	0.018089896	0.32775	2.0	4278.333191394806
458	491.13913	120.89505	831.64075	316.6729	90.11364	150.96785	64.29539	268.0296	-24.203997	1836000	-2.9325486e-08	744.86395	-0.028346479	-705.0207	0.8914784	0.01723394	0.32625	3.0	4287.672420978546
459	486.21893	99.753174	726.161	305.95908	88.2	156.96634	63.856823	266.50146	-26.031624	1840000	7.629395e-09	627.4534	-0.034556765	-592.0975	0.8913207	0.021614792	0.38675	3.0	4297.307319402695
460	508.1042	121.03296	878.3019	324.6935	91.74419	154.37897	63.7888	267.68228	-25.14004	1844000	-3.71933e-08	627.4392	-0.02086201	-594.6045	0.8911765	0.020506073	0.26525	2.0	4306.643622636795
461	480.69864	106.42714	682.96747	307.21646	86.91304	159.94472	66.91486	275.99344	-11.209803	1848000	8.34465e-09	646.43695	-0.018788734	-608.3913	0.8910828	0.02224988	0.36325	2.0	4316.279739141464
462	505.08517	108.910675	767.73004	331.07492	90.13636	155.03482	63.557034	258.64774	-18.953377	1852000	-1.4066696e-08	655.6001	-0.017215827	-621.2678	0.89099544	0.024404952	0.31375	2.0	4325.615877866745
463	493.1741	117.63255	813.73737	214.50362	87.95556	162.27884	64.390236	269.0698	-26.74101	1856000	-1.4781952e-08	668.3143	-0.020062657	-628.03937	0.89091235	0.026600866	0.32925	2.0	4334.822376489639
464	463.842	97.398994	721.881	308.93494	85.41304	150.23387	66.49366	264.35675	-26.40101	1860000	1.66893e-08	694.1703	-0.029640505	-659.2999	0.8908445	0.020047039	0.3295	3.0	4344.1396589279175
465	515.5148	124.164246	788.526	273.00757	94.02381	154.10953	61.757595	263.64825	-19.51404	1864000	-2.2888184e-08	803.23425	-0.020315873	-760.4465	0.8907227	0.019204587	0.315	2.0	4353.713467597961
466	482.43988	95.400314	675.79083	309.34076	86.695656	159.37971	68.05667	271.82	-23.361053	1868000	-1.5974045e-08	639.83295	-0.03222287	-604.68634	0.8906506	0.02328258	0.35775	3.0	4363.193818807602
467	476.2514	91.166405	687.35944	325.066	86.68889	151.92494	64.3939	268.44373	-34.104126	1872000	-5.7637692e-08	563.83075	-0.020153437	-533.9989	0.8904944	0.016383277	0.221	2.0	4372.416096448898
468	536.53735	151.0053	912.3144	294.23618	96.63415	159.075	63.286316	257.85654	-24.886545	1876000	9.441376e-08	846.684	-0.030307103	-786.901	0.89039147	0.01697495	0.34125	3.0	4381.967156648636
469	486.6183	112.56912	757.82855	286.15228	88.155556	162.02621	68.204185	268.64172	-24.639107	1880000	1.0490417e-08	774.4386	-0.023411972	-730.56836	0.8902884	0.017599707	0.25	2.0	4391.2560868263245
470	479.78973	105.00229	714.7842	246.99432	86.608696	155.18843	65.201485	267.71863	-54.99802	1884000	-1.3351441e-08	678.3595	-0.020521497	-634.6722	0.89024377	0.018557088	0.24	2.0	4400.759593009949
471	524.916	159.49458	1048.7332	298.23712	94.71429	156.07762	63.123222	268.3522	-37.65799	1888000	-1.6212464e-08	852.1014	-0.01890276	-799.65576	0.8902073	0.017528294	0.2385	2.0	4409.9950432777405
472	524.31915	129.29768	887.4119	350.07104	94.09524	159.6614	66.11943	272.0486	-32.36533	1892000	3.862381e-08	805.66943	-0.021336507	-751.75635	0.8901515	0.016979003	0.27825	2.0	4419.2388026714325
473	499.28223	101.71265	776.48444	314.42157	89.61364	162.53354	66.26963	271.712	-27.712309	1896000	5.4836274e-08	609.03	-0.016543606	-576.32117	0.8900682	0.015184131	0.29	2.0	4428.734623670578
474	524.3228	118.75491	840.13007	352.41907	94.52381	158.88112	65.000145	270.009	-51.154015	1900000	-2.8371812e-08	675.554	-0.016986629	-633.6605	0.8899671	0.024811853	0.294	2.0	4438.26526260376
475	493.8012	110.81231	796.39777	341.5318	88.71111	159.47618	67.04229	279.40308	-28.422077	1904000	-6.6757204e-09	577.0364	-0.021211019	-546.49304	0.8898364	0.017459737	0.265	2.0	4447.882593870163
476	472.06357	111.98538	798.56506	346.20328	85.23913	154.38304	65.1962	270.07962	-13.859567	1908000	1.9788741e-08	651.37354	-0.034312595	-611.12866	0.88972044	0.019501789	0.322	3.0	4457.175393819809
477	515.1503	102.41528	800.36566	335.03082	92.093025	156.79144	62.719826	263.8941	-24.98526	1912000	-2.7656554e-08	694.57263	-0.021363609	-653.8196	0.8895516	0.018972332	0.24525	2.0	4466.557183504105
478	486.49683	102.71216	743.7567	294.45148	88.577774	157.73575	67.21684	267.19415	-20.829422	1916000	-2.2888184e-08	738.2417	-0.021422593	-691.73944	0.88949627	0.01999196	0.2765	2.0	4476.005743980408
479	489.06668	99.4368	729.6249	330.64108	87.31111	153.32216	63.64973	262.2522	-37.42469	1920000	-6.103516e-08	722.42737	-0.018357769	-674.5681	0.88944954	0.022911206	0.296	2.0	4485.401850223541
480	501.794	120.4568	806.8952	348.51382	91.976746	157.31	64.783424	301.18256	-54.70439	1924000	2.3126603e-08	701.9808	-0.017408306	-664.48096	0.88936573	0.017748818	0.28125	2.0	4494.59335064888
481	536.3599	137.84293	923.8615	301.77536	97.07317	160.77454	64.37672	268.8554	-26.95042	1928000	3.7670137e-08	784.13025	-0.01961099	-734.54474	0.8892794	0.017036084	0.263	2.0	4503.857800960541
482	512.2131	118.470665	891.697	266.28308	93.35714	157.59853	66.49956	271.8029	-29.3789	1932000	5.7697296e-08	742.8739	-0.018635027	-695.49066	0.88916034	0.019121805	0.2715	2.0	4513.124539136887
483	547.95013	176.74141	1048.6241	293.4644	99.975	158.52197	65.87425	263.3746	-25.783497	1936000	-4.2915342e-09	849.4453	-0.016995998	-794.3755	0.8890477	0.01517792	0.283	2.0	4522.4461188316345
484	479.22443	113.582985	804.5368	273.6478	89.72727	158.60474	69.26975	294.47516	-29.220087	1940000	-1.859665e-08	974.4592	-0.019199254	-919.22107	0.88890743	0.016339878	0.26225	2.0	4531.744092941284
485	503.6965	123.662476	959.1244	304.78848	92.04651	152.85506	64.18478	261.1131	-25.073116	1944000	3.8743018e-08	717.8767	-0.021156562	-673.73566	0.88878286	0.017338632	0.2425	2.0	4541.241351604462
486	495.02664	81.82393	684.3479	323.55722	90.86364	153.87238	66.681404	263.7779	-34.8589	1948000	5.5909158e-08	596.2794	-0.018621488	-564.71844	0.888692	0.02057429	0.304	2.0	4550.533002376556
487	526.6998	121.70889	862.2333	334.6234	96.04878	159.08023	64.36319	268.48438	-20.759338	1952000	-5.722046e-09	750.3111	-0.031250834	-703.6821	0.88864505	0.020134212	0.353	3.0	4560.057320356369
488	495.98007	118.02707	841.92224	304.69693	89.84091	159.18832	68.22065	267.60367	-18.276924	1956000	-7.152557e-09	651.0873	-0.03448021	-613.2594	0.88862985	0.020746194	0.30725	3.0	4569.370557308197
489	523.59436	111.472694	895.93146	299.61542	95.902435	157.29964	65.025185	272.87918	-25.33573	1960000	6.771088e-08	689.30316	-0.022602951	-649.2699	0.8886061	0.018483855	0.25575	2.0	4578.851573705673
490	525.45593	97.75017	791.7039	366.7009	95.0	161.48091	65.631546	266.77124	-43.43111	1964000	-5.2452087e-08	608.4954	-0.017918332	-573.18494	0.8885906	0.021432778	0.26825	2.0	4588.107799053192
491	491.04297	109.65744	814.528	298.47482	89.5	153.91907	66.50071	262.11395	-57.522594	1968000	5.3644182e-09	680.1769	-0.016905092	-632.65106	0.8885607	0.016354736	0.27525	2.0	4597.437403202057
492	523.8573	136.5653	855.75385	278.21436	95.0	154.9989	63.05382	274.07864	-22.30497	1972000	-2.3841858e-08	751.9372	-0.01980078	-703.1087	0.8885535	0.020724911	0.252	2.0	4606.740193128586
493	487.10593	116.91291	851.5478	247.33546	89.22727	157.48012	68.43926	276.373	-32.389393	1976000	2.2172928e-08	866.9165	-0.019364886	-813.96686	0.88852084	0.01799389	0.3005	2.0	4616.082380533218
494	499.68066	110.90013	735.947	265.26727	90.47727	158.8326	64.43554	268.7905	-34.748093	1980000	-8.5830685e-09	735.1296	-0.019128848	-692.0069	0.8884726	0.024087405	0.2975	2.0	4625.329900979996
495	535.9877	144.98398	908.5435	156.52184	96.756096	159.9147	64.909294	269.53787	-27.479918	1984000	3.242493e-08	770.82654	-0.03220502	-717.0353	0.88842076	0.018440373	0.3225	3.0	4634.776137590408
496	511.96906	130.82014	1131.3114	313.04108	92.51163	162.10109	68.22574	282.042	-18.908237	1988000	9.23872e-08	834.37714	-0.021514531	-788.4411	0.88834566	0.021708632	0.2395	2.0	4644.016944646835
497	559.5644	141.46227	882.709	376.36258	100.28205	161.40306	63.798424	275.44235	-33.11277	1992000	9.536743e-09	867.2673	-0.020214919	-812.8382	0.88829225	0.019323964	0.2915	2.0	4653.232455253601
498	532.80286	125.24914	896.7198	289.65982	96.65854	167.10526	68.62979	278.2597	-26.575777	1996000	2.002716e-08	741.57587	-0.01739865	-693.38495	0.888244	0.025389375	0.311	2.0	4662.58206820488
499	526.398	175.60735	1079.9309	310.26285	96.87805	160.18256	67.52577	293.76028	-25.666733	2000000	5.1498414e-08	928.17975	-0.019077562	-860.05646	0.888189	0.020436253	0.2435	2.0	4672.105042457581
