Epoch	AverageEpRet	StdEpRet	MaxEpRet	MinEpRet	EpLen	AverageVVals	StdVVals	MaxVVals	MinVVals	TotalEnvInteracts	LossPi	LossV	DeltaLossPi	DeltaLossV	Entropy	KL	ClipFrac	StopIter	Time
0	11.978225	13.1165085	32.520687	-2.381412	1000.0	-0.16753723	0.07107057	0.07264591	-0.35797688	4000	-3.5762786e-09	87.95513	-0.018000962	-31.339622	0.918941	0.0087721255	0.14825	79.0	4.754587650299072
1	15.93898	8.793075	30.83583	8.050995	1000.0	-1.8970203	2.5792508	4.579223	-4.028009	8000	3.5762787e-10	46.913525	-0.0117365625	-15.339163	0.90334666	0.017235829	0.2385	9.0	8.740132570266724
2	15.921514	6.5696797	22.140108	4.8730736	1000.0	-1.0900629	1.8049363	6.878039	-5.476462	12000	2.0503998e-08	12.49241	-0.0047651776	-4.2486706	0.9028015	0.015685074	0.2395	8.0	13.837303161621094
3	18.860897	3.3726428	22.344856	15.393434	1000.0	-0.850971	1.5431328	7.1968265	-5.5009484	16000	5.00679e-09	7.1987267	-0.01125255	-1.5597339	0.9014298	0.001955238	0.0645	79.0	21.08113670349121
4	19.653786	5.4294915	24.074396	10.708062	1000.0	-1.0047094	2.0992851	8.56184	-3.910245	20000	1.9073487e-09	6.4762173	-0.007443861	-1.5809226	0.8761865	0.0056716306	0.0575	79.0	27.97351837158203
5	21.882423	4.0601625	25.62908	15.023171	1000.0	-0.22119714	2.209895	9.679128	-6.879264	24000	-1.0967255e-08	6.899805	-0.0073914146	-1.6937733	0.87489504	0.0018116572	0.03525	79.0	33.87269949913025
6	22.682152	3.1280982	27.54594	19.278025	1000.0	-0.9149272	2.423606	10.730028	-4.0072775	28000	-1.1920929e-09	5.307936	-0.007318287	-1.6742935	0.86155194	0.003926709	0.0485	79.0	41.5124990940094
7	20.215508	3.0393183	24.30204	16.10026	1000.0	-0.7548983	2.9522283	12.308347	-4.326612	32000	-3.3378602e-09	2.833993	-0.006703918	-0.60339403	0.86237186	0.0075926064	0.0895	79.0	48.78494215011597
8	21.371885	3.6841648	25.567902	17.012726	1000.0	-1.1859168	3.3563902	13.335567	-6.5417275	36000	1.2516975e-09	3.35565	-0.007859705	-0.6505194	0.8555836	0.0049438174	0.08175	79.0	55.41411471366882
9	21.848509	1.0498598	23.327084	20.601418	1000.0	-1.0542701	3.376509	14.13772	-4.589563	40000	7.390976e-09	3.2128692	-0.00459164	-0.7583418	0.8591009	0.01885306	0.23925	7.0	61.05274820327759
10	24.091682	1.9929075	26.608786	21.879347	1000.0	-0.9155455	3.912251	15.22443	-6.602259	44000	6.198883e-09	3.5001929	-0.009508853	-1.4739459	0.85935444	0.0071821488	0.08725	79.0	67.90506672859192
11	27.301037	2.571438	31.159489	23.917437	1000.0	0.16328643	3.6963894	15.972587	-6.024274	48000	-1.168251e-08	2.9689052	-0.009709907	-0.77139807	0.85436475	0.006330083	0.07275	79.0	74.49791216850281
12	27.767712	1.4393735	29.91829	26.099546	1000.0	-0.3752078	3.6943245	16.814062	-5.2290683	52000	0.0	3.4057105	-0.008867026	-1.0514083	0.8295797	0.005927198	0.05725	79.0	81.96279978752136
13	31.681538	2.1035016	33.95987	28.242672	1000.0	1.0622752	3.6407192	17.87423	-4.166776	56000	9.536743e-09	1.7246804	-0.012552122	-0.5592383	0.8098468	0.005754897	0.077	79.0	89.61803984642029
14	32.841366	2.0942187	34.9244	29.549343	1000.0	1.2993257	3.3676329	18.542881	-2.5263073	60000	7.1525574e-10	1.2174598	-0.0076270998	-0.29032284	0.78451216	0.002099125	0.04675	79.0	97.45167517662048
15	32.134724	4.832241	38.311146	25.322336	1000.0	1.4376992	3.265009	19.17478	-1.7420666	64000	1.692772e-08	1.7252883	-0.0088805575	-0.38600004	0.76891273	0.0038941458	0.05375	79.0	104.01442289352417
16	34.063805	2.6667855	36.18897	29.489601	1000.0	1.5227306	3.231387	19.832094	-0.74098307	68000	-1.1444092e-08	0.8463563	-0.009753117	-0.35564193	0.75050825	0.0055729	0.0615	79.0	110.54076051712036
17	36.69095	1.6087651	38.588795	34.138607	1000.0	2.0623677	3.3372622	20.437769	-1.412716	72000	-2.1457671e-09	0.90365064	-0.009052711	-0.25295925	0.73758173	0.0026546177	0.0565	79.0	119.03864407539368
18	32.65698	1.9965103	34.773663	29.634623	1000.0	2.6838896	3.139292	20.971172	0.5747961	76000	1.2397766e-08	0.84804904	-0.009076169	-0.3942632	0.71999305	0.00496381	0.054	79.0	126.60893177986145
19	32.952698	2.7285554	36.497715	29.326954	1000.0	1.8551782	3.2260766	21.35157	-0.08518919	80000	4.529953e-09	0.5231245	-0.0075413305	-0.052178025	0.6937859	0.004968296	0.03525	79.0	134.65540313720703
20	36.29969	2.141847	39.50188	34.125114	1000.0	1.5863377	3.2793238	21.726028	-0.7495218	84000	1.4305114e-08	0.8384295	-0.007355585	-0.27735192	0.67319536	0.001774689	0.029	79.0	141.9258201122284
21	35.449856	3.121687	40.28557	32.655624	1000.0	1.6456187	3.4072409	22.316092	-0.82854486	88000	-9.059906e-09	0.6808603	-0.009681881	-0.10073376	0.64748675	0.0047706305	0.04675	79.0	149.11867308616638
22	33.684895	2.0054126	36.348534	31.222628	1000.0	2.4056997	3.3463037	22.80342	0.22944042	92000	-1.5735626e-08	0.6724584	-0.00270334	-0.34422466	0.6251476	0.016667902	0.2615	4.0	154.77366065979004
23	34.426117	2.9775827	37.641174	29.57228	1000.0	1.3740654	3.4753115	23.122862	-0.8454402	96000	9.536743e-09	0.7412879	-0.008395428	-0.18778324	0.6242495	0.0043722517	0.06175	79.0	161.63728952407837
24	34.116333	1.256114	36.28275	33.20969	1000.0	1.5606552	3.522138	23.470284	-0.14851815	100000	-7.1525574e-10	0.32888412	-0.0074024973	-0.07299179	0.61925375	0.0044503636	0.04625	79.0	168.91836285591125
25	33.62939	2.3887513	36.659977	31.249	1000.0	1.7629998	3.441978	23.834253	-0.47940642	104000	6.9141386e-09	0.42413846	-0.00620525	-0.045980453	0.61747354	0.0060949107	0.025	79.0	176.4064497947693
26	35.03577	1.7858129	37.276943	32.362354	1000.0	1.7173005	3.5671215	24.147425	-0.11638886	108000	1.9073487e-09	0.32108912	-0.008114639	-0.06549591	0.62047267	0.0030023877	0.03675	79.0	183.40381026268005
27	36.583595	1.2620358	38.411407	35.09625	1000.0	1.7993968	3.5047197	24.506289	-0.28323984	112000	2.2649765e-08	0.40812308	-0.009603776	-0.14126584	0.6122005	0.0074440534	0.086	79.0	190.75366187095642
28	36.86005	1.7170506	39.46761	34.711792	1000.0	1.9469416	3.5962286	24.823877	-0.21478182	116000	9.536743e-09	0.38704413	-0.0061075166	-0.08893123	0.5906017	0.0024032332	0.0265	79.0	198.76398611068726
29	36.65904	0.90015274	37.549625	35.179623	1000.0	1.7117219	3.6843762	25.239101	-0.7149721	120000	-6.198883e-09	0.33032617	-0.008791968	-0.14008017	0.57132727	0.0075929104	0.06675	79.0	205.20872735977173
30	37.779366	0.6201769	38.404488	36.925476	1000.0	2.2367456	3.8204834	25.566938	-0.4153337	124000	8.34465e-09	0.21833093	-0.0070102564	-0.051688537	0.56270665	0.0016583678	0.0305	79.0	211.81231570243835
31	36.429512	1.4389515	37.909798	34.06021	1000.0	2.2296686	3.7544534	25.961176	-1.0374228	128000	-1.990795e-08	0.34240648	-0.009198701	-0.133424	0.56316066	0.0062610195	0.0385	79.0	218.71732378005981
32	38.310722	1.1569232	39.939568	36.681213	1000.0	1.7853225	3.6161287	25.984747	-0.34177697	132000	9.775162e-09	0.3964698	-0.011745117	-0.24458705	0.55169976	0.0052653938	0.06425	79.0	226.13974833488464
33	36.489944	1.4880555	38.963886	34.98486	1000.0	2.1564934	3.7110672	26.305098	-0.150532	136000	1.4305114e-08	0.17260826	-0.009951553	-0.05805526	0.52158546	0.006617978	0.05975	79.0	233.7973427772522
34	37.23152	1.6392041	38.848274	34.571453	1000.0	2.1843379	3.7889807	26.435436	-1.037404	140000	-4.4107438e-09	0.306614	-0.008736986	-0.08628817	0.5109826	0.00310362	0.043	79.0	241.01975440979004
35	37.073868	1.7871431	39.568733	34.714268	1000.0	1.8618153	3.835828	26.685822	-0.9876636	144000	1.4781952e-08	0.25400427	-0.010286681	-0.01739414	0.5000084	0.006528985	0.06175	79.0	247.70768356323242
36	37.870506	1.146589	39.521942	36.282043	1000.0	1.695894	3.8962526	26.916786	-0.88956	148000	-8.702278e-09	0.35778838	-0.010430805	-0.16706648	0.49730387	0.009181567	0.06275	79.0	254.63101506233215
37	37.504898	1.6060758	38.89206	34.78054	1000.0	2.521727	3.8568683	27.135128	-0.45914423	152000	9.775162e-09	0.38103375	-0.0077836323	-0.17308131	0.47501603	0.0029282374	0.033	79.0	261.9626123905182
38	37.693092	1.0783004	38.64745	35.912647	1000.0	2.0978196	3.8343928	27.216478	-0.0087118745	156000	2.861023e-09	0.18411578	-0.0070373416	-0.027298257	0.46536732	0.0029482108	0.02975	79.0	268.83137488365173
39	39.896416	0.60247236	40.50289	39.152676	1000.0	1.8203214	3.8674908	27.33074	-0.6371429	160000	2.9027461e-08	0.27993083	-0.010815159	-0.13127942	0.46896258	0.005455925	0.066	79.0	274.88068675994873
40	39.909187	1.8518751	41.667324	37.293934	1000.0	2.4756384	3.930372	27.685385	-0.45434397	164000	3.3378602e-09	0.24677306	-0.009416242	-0.060037524	0.45278096	0.0039043198	0.05175	79.0	282.11128759384155
41	38.155334	2.8670886	41.317352	34.04409	1000.0	2.8166194	3.7588449	27.759071	0.792872	168000	4.339218e-08	0.51950884	-0.0076791206	-0.16838631	0.4333501	0.00472113	0.0265	79.0	288.3709924221039
42	38.99831	1.5149043	41.55492	37.593613	1000.0	2.5613961	3.7867212	27.639368	0.47613633	172000	5.2452087e-09	0.37290302	-0.01012425	-0.11160791	0.4300331	0.0068800393	0.0605	79.0	296.08371210098267
43	41.02926	1.292662	42.772034	39.75267	1000.0	2.6901486	3.6008646	27.683174	0.6054246	176000	-1.5497207e-08	0.2452585	-0.008119011	-0.06966956	0.44432777	0.0062761097	0.04875	79.0	303.8654034137726
44	41.61074	2.2176147	44.24025	38.73107	1000.0	3.0978348	3.6827898	27.754824	1.3943961	180000	-8.34465e-09	0.33276603	-0.009152389	-0.0451352	0.43875763	0.003670379	0.03925	79.0	310.2814087867737
45	40.957226	0.44899002	41.496536	40.252735	1000.0	3.180896	3.7414331	27.841602	1.4405789	184000	-1.4781952e-08	0.33314753	-0.009050742	-0.028956205	0.4290056	0.008495866	0.07025	79.0	317.22982144355774
46	43.66333	3.4185462	47.123966	38.02104	1000.0	3.0708385	3.5990067	27.81971	1.5771556	188000	-8.106232e-09	0.6478795	-0.012709483	-0.19955978	0.41039303	0.006055397	0.08525	79.0	323.7323672771454
47	48.309788	1.5693076	50.501453	46.064594	1000.0	3.3359683	3.7022252	28.30132	0.78130174	192000	1.3113022e-09	0.8589591	-0.010458085	-0.40346694	0.4035303	0.0059679784	0.0725	79.0	330.84382820129395
48	46.16895	2.6472557	50.012062	43.23771	1000.0	4.2392774	3.646147	28.878548	1.7421812	196000	-1.0967255e-08	0.73163146	-0.0097684795	-0.41112408	0.40223312	0.0037689887	0.054	79.0	338.5829932689667
49	47.285633	2.565815	51.59092	44.812244	1000.0	3.7058709	3.709838	29.17388	1.6277442	200000	7.510185e-09	0.67835367	-0.008835072	-0.18509191	0.3992803	0.007870488	0.05075	79.0	345.40555334091187
50	45.22228	2.2158053	47.75429	41.787155	1000.0	4.068062	3.607425	29.231133	2.1324253	204000	1.2397766e-08	0.6345398	-0.008496773	-0.14838976	0.40060306	0.003389127	0.0425	79.0	353.21442008018494
51	47.0091	2.6216846	51.312843	44.223	1000.0	4.102592	3.360662	28.973398	2.422883	208000	9.536744e-10	0.4609061	-0.013165273	-0.10745451	0.40101042	0.010305484	0.08225	79.0	360.1012713909149
52	48.569633	1.1351738	50.4926	47.544674	1000.0	4.344218	3.4867835	29.114988	1.8041239	212000	-2.2649764e-09	0.56670153	-0.011453398	-0.18732387	0.38554883	0.008014996	0.06625	79.0	367.44803190231323
53	52.77646	2.3250623	55.697796	50.06993	1000.0	4.643879	3.495061	29.206383	2.4065495	216000	-2.3841858e-08	1.3160568	-0.0113579165	-0.8258789	0.35867468	0.005578161	0.074	79.0	374.2768304347992
54	54.523537	2.0223625	56.045517	51.1125	1000.0	5.5823545	3.20488	29.184052	3.6164877	220000	1.835823e-08	0.86315286	-0.0092032775	-0.27596104	0.34151474	0.0018290278	0.04825	79.0	381.3870391845703
55	54.373154	0.769677	55.52294	53.476044	1000.0	5.9816585	3.1386478	29.404566	4.3601537	224000	-8.8214875e-09	0.4438306	-0.011372855	-0.10932496	0.3373681	0.0051187687	0.076	79.0	389.0052719116211
56	55.744316	2.965441	59.062458	50.972458	1000.0	5.9071503	3.2406547	29.717201	4.2886577	228000	-3.5762786e-09	0.6234366	-0.010809826	-0.07591885	0.32299507	0.011608692	0.082	79.0	396.01001358032227
57	61.779655	2.3331497	64.47346	58.367176	1000.0	6.1748495	3.1282718	29.866844	4.0259666	232000	-2.4437904e-08	1.6498373	-0.00301846	-1.0520058	0.29904896	0.016618643	0.164	3.0	401.78813552856445
58	59.97747	5.1236005	65.08961	53.63645	1000.0	7.095367	3.1777606	30.37107	4.5673175	236000	-3.5762787e-10	1.1631594	-0.011397998	-0.28794938	0.29864398	0.0054161763	0.0715	79.0	408.3311231136322
59	64.05667	2.7108662	67.77552	60.43745	1000.0	7.1285834	2.977646	30.321814	5.1885977	240000	-3.862381e-08	1.2032818	-0.009342747	-0.6671853	0.28161192	0.00552357	0.062	79.0	415.3652572631836
60	58.46292	3.8358915	61.244946	51.93932	1000.0	7.8560686	2.9968505	30.637167	5.6765532	244000	3.5762786e-09	1.7176015	-0.01136999	-0.8993591	0.27371863	0.009253107	0.0705	79.0	422.82413363456726
61	63.718925	2.8872914	68.53302	60.845207	1000.0	7.2185683	3.0066566	30.52658	5.5236044	248000	5.3405763e-08	1.7776103	-0.010423795	-1.07482	0.26374164	0.0052713	0.0595	79.0	430.2463049888611
62	67.32364	4.9133267	73.52395	59.9867	1000.0	8.216812	2.9242127	30.528944	6.0256863	252000	9.536743e-09	1.0289475	-0.01167093	-0.18894798	0.25317174	0.0073684393	0.07275	79.0	437.64996218681335
63	72.886665	2.0456336	74.89618	70.17814	1000.0	8.702143	2.987885	30.936426	6.3104186	256000	-2.0742416e-08	1.6922406	-0.012913798	-0.910657	0.22973669	0.008628908	0.07975	79.0	445.2881715297699
64	72.79375	1.540272	75.070465	70.93829	1000.0	9.755998	3.0353107	31.341805	7.197015	260000	1.3232231e-08	0.8297318	-0.010196002	-0.41856202	0.21685143	0.0039244886	0.06775	79.0	452.75240659713745
65	79.4589	2.959079	83.75402	75.47753	1000.0	10.225847	2.9125018	31.43287	8.554066	264000	4.9710273e-08	1.4081235	-0.010893309	-0.99707603	0.19271827	0.0030798619	0.064	79.0	460.0314931869507
66	79.881165	4.2664576	84.7792	73.2233	1000.0	11.211998	2.9193354	31.871002	9.229824	268000	1.6212464e-08	0.78971475	-0.011825214	-0.1784299	0.17391384	0.002317684	0.04525	79.0	466.92782711982727
67	80.35047	3.1586828	85.77087	78.075294	1000.0	11.427921	2.840842	32.357784	9.685806	272000	1.66893e-08	0.7317155	-0.009083912	-0.22887671	0.16498713	0.0068286937	0.0535	79.0	474.06244111061096
68	82.31109	1.2784905	83.898026	80.75335	1000.0	11.841869	2.7398036	32.423225	9.642935	276000	7.987023e-09	0.59978044	-0.009292025	-0.14282039	0.16376194	0.003971181	0.05325	79.0	481.2474961280823
69	79.42736	2.6622288	82.69173	75.90216	1000.0	12.113288	2.7106802	32.577347	9.736422	280000	-7.152557e-09	0.45492467	-0.01341734	-0.053516954	0.14846371	0.007247114	0.079	79.0	488.4006073474884
70	84.70377	5.978517	93.78269	76.985535	1000.0	12.329415	2.7536917	32.462536	10.379906	284000	2.384186e-10	0.6119054	-0.014860517	-0.16676795	0.13165519	0.007301125	0.08725	79.0	497.13580346107483
71	86.19796	2.368262	89.63191	83.21646	1000.0	12.682656	2.7557888	32.967316	10.910948	288000	-2.3841858e-08	0.52944976	-0.009979497	-0.111741394	0.105224	0.0049604555	0.07175	79.0	504.3942310810089
72	86.9515	2.862419	91.39634	83.743095	1000.0	13.036814	2.80045	33.13098	11.308298	292000	1.4305114e-08	0.3895782	-0.013821427	-0.07132107	0.09206606	0.0038985847	0.08075	79.0	511.67988324165344
73	86.775856	3.976606	93.14486	82.78648	1000.0	13.226836	2.7371063	33.39006	11.516005	296000	-2.7298928e-08	0.35890523	-0.0146588	-0.0365597	0.066155195	0.008052331	0.103	79.0	518.4272856712341
74	89.50048	1.9583437	92.27856	86.773285	1000.0	13.370947	2.7737534	33.37664	11.397619	300000	2.7537347e-08	0.54305506	-0.010113774	-0.27026132	0.03972283	0.006766724	0.06725	79.0	525.4406752586365
75	93.131035	1.9830773	95.55004	90.36129	1000.0	13.863033	2.740743	33.711193	11.89194	304000	-3.0755995e-08	0.6633289	-0.013528313	-0.3974008	0.0256243	0.0083506415	0.089	79.0	532.0792949199677
76	97.5744	2.5581563	99.82976	93.30864	1000.0	14.543487	2.7438319	34.047523	12.0951805	308000	-1.7166137e-08	0.60718846	-0.014914809	-0.35885268	0.0051459274	0.0046067643	0.10125	79.0	538.4694588184357
77	95.40327	2.9786603	100.29154	92.355354	1000.0	15.121542	2.7650495	34.48328	12.563986	312000	9.536744e-10	0.28945738	-0.012737433	-0.123115614	-0.031497885	0.009168728	0.069	79.0	544.779866695404
78	98.32649	2.3485599	101.82961	95.839066	1000.0	15.513773	2.611259	34.55264	13.03973	316000	9.536744e-10	0.25221965	-0.011716736	-0.08903752	-0.03970719	0.006245759	0.077	79.0	552.5911955833435
79	98.27208	4.0301213	104.65761	94.16107	1000.0	15.663753	2.6872106	34.777363	12.628895	320000	6.079674e-08	0.32301643	-0.012380679	-0.13271739	-0.062680155	0.011452516	0.08375	79.0	559.6899116039276
80	100.03911	3.0908105	103.21187	95.95893	1000.0	16.077986	2.6976964	34.99339	13.036553	324000	8.5830685e-09	0.33382642	-0.012756977	-0.15815164	-0.082737826	0.008081635	0.077	79.0	567.5659966468811
81	100.973145	1.5097373	103.281265	99.47391	1000.0	16.289888	2.6590583	34.929375	12.878114	328000	2.5987624e-08	0.2707549	-0.015618392	-0.06521675	-0.11119298	0.0075584357	0.08275	79.0	575.2491290569305
82	104.91374	2.4587035	107.95611	101.54927	1000.0	16.527266	2.7875326	35.035492	12.689506	332000	3.0994416e-09	0.79623646	-0.014672129	-0.55383515	-0.13097951	0.0048748218	0.07025	79.0	582.9280207157135
83	105.67051	1.3062726	107.771065	104.265976	1000.0	17.301105	2.6716797	35.08965	13.605494	336000	-2.0503998e-08	0.18657158	-0.011504197	-0.028956503	-0.14956789	0.0075669396	0.07375	79.0	589.3899598121643
84	109.11122	3.669741	112.89606	104.439095	1000.0	17.686085	2.5973792	35.394733	13.968268	340000	2.5838613e-08	0.23612997	-0.010600871	-0.099613905	-0.15771927	0.0028068803	0.06275	79.0	596.5444600582123
85	108.23361	2.9186523	113.103325	105.446175	1000.0	17.879417	2.750675	35.849274	13.760916	344000	-7.2717667e-09	0.18807775	-0.013665896	-0.06526385	-0.17320207	0.01153947	0.082	79.0	603.7309238910675
86	105.64584	3.760738	108.544556	99.207	1000.0	18.165262	2.6843421	35.871166	14.332169	348000	9.536744e-10	0.32308987	-0.014831276	-0.06464675	-0.190499	0.0059114895	0.079	79.0	610.6281185150146
87	111.6082	3.124412	114.81102	106.7628	1000.0	18.125898	2.8215535	36.00149	13.955172	352000	-4.2915342e-09	0.47916126	-0.0151493065	-0.3320127	-0.21383704	0.007183833	0.07325	79.0	617.4574434757233
88	109.59464	3.329016	114.29793	105.547554	1000.0	18.726974	2.7557757	36.21925	14.403362	356000	1.1205673e-08	0.19828683	-0.012734531	-0.06832126	-0.24129413	0.00581441	0.054	79.0	624.0567514896393
89	108.60284	3.5659826	112.274315	103.024765	1000.0	18.49205	2.9004505	36.366405	14.211031	360000	-2.9087067e-08	0.3319087	-0.015759002	-0.17601955	-0.2605992	0.01020798	0.10225	79.0	631.1336851119995
90	109.66264	3.78556	113.90857	103.60011	1000.0	19.11552	2.8644392	36.245872	14.4639225	364000	2.4676323e-08	0.17040566	-0.01435333	-0.032606453	-0.28437203	0.0057711806	0.0815	79.0	638.1065542697906
91	110.49455	4.8500757	115.94006	105.65503	1000.0	19.016335	2.7621858	36.51344	14.554181	368000	1.2397766e-08	0.19251753	-0.015186512	-0.062472627	-0.31128117	0.010293688	0.07025	79.0	645.678986787796
92	109.51631	3.5292885	112.5453	103.543846	1000.0	19.005943	2.6844597	36.57799	14.617166	372000	1.4305115e-09	0.08252678	-0.0123192305	-0.008937523	-0.3186589	0.007922699	0.06575	79.0	652.698061466217
93	114.77147	4.832193	120.78159	109.88227	1000.0	19.296394	2.8426378	36.570206	14.748873	376000	-4.887581e-09	0.20086227	-0.015767133	-0.075325936	-0.31458554	0.008007174	0.093	79.0	659.1392569541931
94	112.02007	3.484602	116.69313	106.88706	1000.0	19.534569	2.974004	36.828846	14.502396	380000	-1.3828277e-08	0.14014104	-0.013463329	-0.018768065	-0.34014615	0.0073766354	0.06475	79.0	665.5504941940308
95	116.99655	3.6603577	122.8953	112.97342	1000.0	19.666792	2.9017668	36.88868	15.074615	384000	-1.2397766e-08	0.19012451	-0.016839549	-0.07778935	-0.3514882	0.009985345	0.09825	79.0	672.7613580226898
96	116.752045	2.3288434	119.8883	114.14994	1000.0	19.86289	2.902473	37.236935	14.838955	388000	8.5830685e-09	0.11115964	-0.012962956	-0.04255894	-0.36539948	0.004545662	0.05125	79.0	679.6381413936615
97	114.78316	4.1161237	120.36351	109.0215	1000.0	19.98823	3.0310102	37.377884	15.555377	392000	-1.5616417e-08	0.11946273	-0.011732483	-0.019426621	-0.37831542	0.0037577352	0.04525	79.0	688.0189590454102
98	117.49161	2.4233367	120.23414	114.00963	1000.0	20.057283	2.9561236	37.402206	15.480037	396000	-5.4836273e-09	0.05885036	-0.012987295	-0.008183625	-0.39068317	0.0038764318	0.05525	79.0	695.865109205246
99	114.31233	2.042258	116.62342	111.10828	1000.0	20.127625	3.2272856	37.576305	15.048144	400000	1.8000602e-08	0.14622404	-0.01727748	-0.041383706	-0.4163766	0.008439579	0.073	79.0	703.6276998519897
100	117.81301	1.1611295	119.73036	116.674065	1000.0	20.245083	2.9750257	37.094803	15.795057	404000	3.6120415e-08	0.1377063	-0.0118727535	-0.05151905	-0.42132643	0.005841494	0.066	79.0	710.5670828819275
101	119.56877	1.8461014	121.477394	116.59683	1000.0	20.458042	3.0160255	37.31318	15.672321	408000	4.2915342e-09	0.09090987	-0.0107732415	-0.02470085	-0.44186696	0.005159058	0.056	79.0	718.35182929039
102	119.146034	1.1845671	120.80956	117.56634	1000.0	20.575172	3.0389555	37.36212	16.204685	412000	7.152557e-09	0.046413425	-0.013508924	-0.009512547	-0.46509105	0.005337181	0.065	79.0	725.8134188652039
103	123.1535	1.2380753	124.61995	121.56417	1000.0	20.72877	2.9849467	37.54593	16.563276	416000	2.0503998e-08	0.094438046	-0.012169348	-0.033509787	-0.49199706	0.0071333325	0.07275	79.0	734.0362758636475
104	120.310074	3.5455086	124.73534	115.418495	1000.0	20.690718	3.0409935	38.03704	15.739888	420000	-3.695488e-09	0.06435241	-0.013556494	-0.0074412003	-0.52247405	0.005745796	0.05025	79.0	741.6976988315582
105	120.928955	1.2190375	122.831436	119.47368	1000.0	20.828009	3.054037	37.975857	16.21516	424000	-2.1457671e-09	0.057166684	-0.0006633444	-0.014545109	-0.5327429	0.019320337	0.264	2.0	747.3590002059937
106	122.10593	2.2532942	124.59452	119.51822	1000.0	20.970678	2.9891458	37.77351	16.488976	428000	2.3841857e-09	0.062917806	-0.01587029	-0.009493772	-0.53302807	0.009744367	0.0895	79.0	754.9114236831665
107	122.71353	2.5533073	125.49802	119.15736	1000.0	21.064539	3.0548258	38.05115	16.622719	432000	2.026558e-08	0.03444855	-0.014714094	-0.008046584	-0.5510947	0.006024066	0.0595	79.0	761.9307758808136
108	120.98682	3.3200893	125.95218	116.74991	1000.0	20.972786	2.9805725	38.124756	16.318243	436000	1.1205673e-08	0.06774419	-0.0012230164	-0.01613	-0.5663668	0.017037733	0.20625	2.0	767.8402218818665
109	123.13879	2.025344	125.90377	120.77749	1000.0	21.262472	3.0325944	37.98393	16.693676	440000	2.6226044e-09	0.046566907	-0.015731111	-0.0064310543	-0.566777	0.0077742073	0.10325	79.0	774.5549352169037
110	123.47807	2.503309	126.89832	121.03165	1000.0	21.286655	3.0028408	38.19198	16.63416	444000	9.536744e-10	0.06715197	-0.01615269	-0.008178953	-0.58556527	0.0052737943	0.068	79.0	782.2800900936127
111	124.04954	2.938184	127.391624	119.81027	1000.0	21.287926	3.1073763	38.5988	16.804949	448000	3.98159e-08	0.0383214	-0.0023780721	-0.0053838044	-0.59797996	0.017199852	0.21775	3.0	788.6386625766754
112	122.75106	3.8010077	128.11401	117.86087	1000.0	21.394457	3.1534486	38.563583	16.237526	452000	1.1205673e-08	0.09248196	-0.016188562	-0.014317483	-0.5984788	0.0067867753	0.0625	79.0	796.1374700069427
113	125.38525	1.0762055	126.6897	123.70724	1000.0	21.553297	3.1151392	38.547947	17.072847	456000	-6.198883e-09	0.04234477	-0.0033569501	-0.012087107	-0.61294705	0.015466187	0.17475	3.0	801.672224521637
114	123.75449	1.9963491	125.80726	120.88449	1000.0	21.384418	3.0652406	38.928444	16.925478	460000	1.9788741e-08	0.07380846	-0.015650975	-0.018301778	-0.6133251	0.00024650263	0.06625	79.0	809.2071521282196
115	122.76333	4.537784	126.68208	115.17484	1000.0	21.200054	3.0199718	38.87497	16.874804	464000	6.6757204e-09	0.048720174	2.9628754e-05	-0.0070643052	-0.624477	0.01665606	0.22725	2.0	815.7480883598328
116	119.795395	4.2957573	124.10633	113.07507	1000.0	21.275599	3.1314542	39.04135	16.67325	468000	-2.7298928e-08	0.06755261	-0.013484895	-0.012456913	-0.6246098	0.005286826	0.0535	79.0	823.8624095916748
117	124.49428	2.4184175	126.7476	120.712296	1000.0	21.374912	3.0455792	38.766766	16.997932	472000	1.0967255e-08	0.041662928	-0.011530241	-0.011892011	-0.6279264	0.0018292294	0.0445	79.0	831.4976885318756
118	123.229965	4.426413	129.90984	117.925026	1000.0	21.386637	3.010062	38.765312	17.049313	476000	3.8146974e-09	0.070272006	-0.012131104	-0.020368949	-0.63036215	0.0074152085	0.067	79.0	838.0779500007629
119	121.494	2.5937107	124.19134	117.296616	1000.0	21.434597	3.071405	39.024822	16.838245	480000	-5.4121017e-08	0.05451508	-0.016662061	-0.024354292	-0.6517905	0.012048466	0.10125	79.0	844.8453607559204
120	121.30257	4.4568486	127.754715	115.60548	1000.0	21.452255	3.0276368	38.927994	16.868767	484000	5.364418e-10	0.04089528	-0.013499722	-0.005496476	-0.671198	0.005169092	0.05375	79.0	851.682959318161
121	125.39331	2.9410422	130.34776	123.08851	1000.0	21.58902	3.0123773	38.69723	17.312136	488000	-2.6702882e-08	0.046623424	-0.013768857	-0.00973488	-0.6827089	0.005267973	0.05675	79.0	858.3237845897675
122	122.90613	2.7196627	126.356094	118.76035	1000.0	21.60554	3.0114713	39.109596	16.997341	492000	-4.005432e-08	0.038726613	-0.013563343	-0.0066339523	-0.7071521	0.0071272203	0.06525	79.0	865.0247223377228
123	124.453415	2.4231439	127.267105	120.58289	1000.0	21.640839	3.0123484	39.258766	17.261053	496000	-2.5987624e-08	0.02424215	0.004757739	-0.007105898	-0.728015	0.020183604	0.3175	6.0	870.3698441982269
124	126.7784	1.0494792	127.83066	125.03532	1000.0	21.82782	3.0327275	39.13297	17.275862	500000	-3.4332274e-08	0.019516844	-0.015983261	-0.0054232636	-0.72954786	0.008638851	0.09175	79.0	876.7980079650879
125	124.66371	3.3986797	127.76538	119.41731	1000.0	21.841696	2.9875977	39.156563	17.54499	504000	-1.2397766e-08	0.014573704	-0.014912263	-0.0019213594	-0.74382627	0.0045859213	0.08775	79.0	883.7438650131226
126	124.22498	3.4857316	128.07469	119.83067	1000.0	21.767925	2.9432635	39.28274	17.329567	508000	-3.242493e-08	0.035102237	-0.0128154885	-0.0075126756	-0.7643621	0.010474182	0.08725	79.0	891.2017726898193
127	125.26077	0.689412	126.02609	124.42347	1000.0	21.822315	2.9941833	39.147984	17.64392	512000	-8.881092e-09	0.04390227	-0.013494477	-0.015969813	-0.76563454	0.00873664	0.05975	79.0	898.5094661712646
128	127.013916	3.0563867	129.41805	121.80628	1000.0	21.845816	3.0679429	39.470634	17.805182	516000	-2.002716e-08	0.024059141	-0.011322227	-0.010566695	-0.77669436	0.004522758	0.06775	79.0	905.2643535137177
129	125.49994	3.7555008	130.05962	120.5832	1000.0	21.825592	3.060296	39.83009	17.596048	520000	-1.990795e-08	0.044658706	-0.01592524	-0.0099439025	-0.78409106	0.010034848	0.10775	79.0	912.5159251689911
130	124.55202	1.0588464	125.58022	123.1082	1000.0	21.721743	3.10639	39.70154	17.435043	524000	-3.576279e-08	0.03847569	-0.01329387	-0.013194095	-0.7857426	0.0089074755	0.10325	79.0	919.5663342475891
131	126.12717	2.8279352	129.13345	121.479225	1000.0	21.89127	3.0124824	39.178543	17.693792	528000	3.9100648e-08	0.024831917	-0.015303083	-0.0069264416	-0.800338	0.007171929	0.0925	79.0	926.9502265453339
132	127.43831	2.2157252	130.36067	125.17981	1000.0	21.93807	3.0169656	39.370373	17.71346	532000	8.106232e-09	0.024640126	-0.0036624642	-0.0071869604	-0.8206044	0.015085713	0.17775	2.0	932.9291453361511
133	124.97131	2.0183945	127.08479	122.70049	1000.0	21.893724	3.0389783	39.882774	17.667124	536000	2.4199485e-08	0.031034578	-0.014835015	-0.012276432	-0.8209324	0.009856984	0.0595	79.0	939.9456148147583
134	124.632385	1.233405	126.673706	123.43274	1000.0	21.899605	2.9692078	39.54218	17.754572	540000	3.528595e-08	0.01911765	-0.015057465	-0.0029832982	-0.81561816	0.011226661	0.08575	79.0	946.9431045055389
135	124.33801	4.256836	129.13777	117.8713	1000.0	21.95733	3.0222285	39.34345	17.705338	544000	3.8743018e-08	0.028630374	-0.015648747	-0.005804725	-0.82856196	0.006224927	0.06675	79.0	953.9476761817932
136	128.3981	0.7187652	129.46214	127.43692	1000.0	22.017437	3.0868597	39.545235	17.853685	548000	-3.8146974e-09	0.017390557	-0.014886965	-0.008147627	-0.8650912	0.010599681	0.07275	79.0	961.1988115310669
137	126.75282	0.95277447	127.75551	125.21834	1000.0	22.007551	2.99497	39.513695	17.885218	552000	-1.001358e-08	0.015523899	-0.0023161569	-0.0050825663	-0.86632746	0.015877647	0.2295	2.0	966.839427947998
138	125.280464	4.4239483	129.21535	117.77296	1000.0	21.952805	2.98428	39.291214	17.640074	556000	3.33786e-08	0.03319085	-0.011294119	-0.0026342142	-0.8663934	0.008496391	0.06275	79.0	973.4862563610077
139	125.21554	2.0981162	128.78976	123.47967	1000.0	22.078144	2.9869876	39.208675	17.874763	560000	2.6702882e-08	0.02692877	-0.012642858	-0.012876311	-0.8817756	0.0048876056	0.05775	79.0	979.9117980003357
140	125.62136	3.3792546	129.34322	120.71647	1000.0	21.972183	2.9817214	39.82708	17.775858	564000	-4.482269e-08	0.036686745	-0.0023484977	-0.011726135	-0.8975109	0.016340198	0.20475	3.0	986.2411811351776
141	124.53221	1.6348804	126.2149	122.64917	1000.0	21.903801	3.0286815	39.827312	17.61421	568000	8.72612e-08	0.022364782	-0.014734255	-0.0071084853	-0.8982583	0.010177912	0.0805	79.0	993.9211852550507
142	126.287766	2.5536664	130.0734	123.68155	1000.0	21.874773	2.990009	39.431126	17.626158	572000	-1.7166137e-08	0.029887166	-0.014484709	-0.006418215	-0.9101523	0.0042436756	0.111	79.0	1000.6722314357758
143	125.84981	3.7357707	131.04631	121.052444	1000.0	21.954863	3.0258462	39.42462	17.8592	576000	-1.6629697e-08	0.033384666	-0.012679952	-0.0019099675	-0.9313204	0.00551452	0.086	79.0	1007.2890374660492
144	123.56767	3.46844	128.86703	119.632	1000.0	21.958961	2.9866831	39.489826	18.023724	580000	-1.5735626e-08	0.014684302	-0.012102899	-0.002523765	-0.94718695	0.0075525474	0.09275	79.0	1014.3017728328705
145	126.463234	1.7834046	129.10548	124.090645	1000.0	21.96527	3.016023	39.665726	17.910107	584000	-2.503395e-08	0.019176213	-0.010954977	-0.006694928	-0.96454453	0.0061611263	0.04425	79.0	1021.4549679756165
146	124.14457	2.5736167	127.52929	120.298584	1000.0	21.97885	2.9340904	39.41796	18.071913	588000	1.8954276e-08	0.010377556	0.0005381257	-0.0021586623	-0.9734539	0.019358752	0.253	2.0	1026.7394196987152
147	127.85028	1.7222869	130.25813	125.460365	1000.0	22.032291	2.976504	39.27356	18.032492	592000	8.106232e-08	0.01654958	-0.0020271754	-0.0035934383	-0.9736311	0.01669288	0.21425	2.0	1032.0441508293152
148	126.20875	3.6024823	130.39392	120.46312	1000.0	22.046438	2.9899163	39.605995	18.055765	596000	1.9073486e-08	0.02652828	-0.01401291	-0.0072486065	-0.9739247	0.008313204	0.104	79.0	1038.909497976303
149	127.01869	2.0416641	129.48016	124.21971	1000.0	22.080555	3.0232887	39.569588	17.943863	600000	-1.4066696e-08	0.023907663	-0.0031927242	-0.0041808654	-0.982261	0.017122306	0.159	2.0	1044.2985050678253
150	125.2645	3.7826228	130.41893	120.09789	1000.0	22.08781	3.007402	39.38744	17.883747	604000	-1.1444092e-08	0.026532065	-0.010566525	-0.003148809	-0.9824922	0.00477784	0.07525	79.0	1051.506677389145
151	125.58711	2.304163	128.45961	122.3739	1000.0	22.045937	2.9605591	39.316612	17.964422	608000	-9.775162e-09	0.014357324	-0.015727786	-0.0024599563	-0.9920977	0.0079888655	0.07275	79.0	1058.5581028461456
152	126.54333	5.298926	130.60071	117.42923	1000.0	22.102844	2.9327974	39.18042	18.091532	612000	4.053116e-08	0.024986418	-0.013095598	-0.0052316636	-1.0087217	0.0068652863	0.09775	79.0	1065.6651198863983
153	126.35177	0.94922465	127.603165	125.36269	1000.0	22.091845	2.9416962	39.5151	18.044123	616000	6.198883e-09	0.025582546	-0.017644605	-0.009012941	-1.0216702	0.008770453	0.11675	79.0	1072.951530456543
154	127.238144	3.1421592	130.88982	122.68294	1000.0	22.178175	3.048826	40.040867	18.060312	620000	4.2676927e-08	0.016688326	-0.013338908	-0.002682549	-1.0354676	0.00987766	0.085	79.0	1080.7507491111755
155	126.23203	2.7287145	130.12482	122.42658	1000.0	22.147253	2.9745986	39.847466	18.08214	624000	-3.2663344e-08	0.01913271	-0.013804431	-0.0070412736	-1.0419699	0.006927832	0.074	79.0	1087.8009557724
156	126.23413	2.4658408	130.28798	124.08803	1000.0	22.083014	2.9577787	39.571564	18.068136	628000	-6.4611434e-08	0.025457965	-0.01092103	-0.008448247	-1.049272	0.00917054	0.13225	79.0	1095.0999624729156
157	125.475876	0.7250172	126.30316	124.502365	1000.0	22.212172	2.9917703	39.858818	18.257736	632000	6.866455e-08	0.022601515	-0.013975278	-0.0036031231	-1.065416	0.0028527703	0.05875	79.0	1102.2007234096527
158	127.62918	1.314674	129.39047	126.014015	1000.0	22.169575	2.9863849	40.170135	18.098467	636000	-1.9609928e-08	0.017833136	-0.013798428	-0.0052619437	-1.092729	0.0046378584	0.055	79.0	1110.008493423462
159	124.05223	4.3521585	131.55495	120.86377	1000.0	22.142187	2.9192684	39.71355	18.125444	640000	5.00679e-08	0.014630408	-0.0029107928	-0.0016527334	-1.0940233	0.015146099	0.19775	3.0	1115.9156126976013
160	128.24197	1.153525	129.40688	126.3866	1000.0	22.201109	2.9231815	39.692036	18.195713	644000	-4.863739e-08	0.013241693	-0.012438096	-0.0055325706	-1.0939345	0.006712196	0.06875	79.0	1123.6991481781006
161	130.06848	1.0565513	131.43132	128.54033	1000.0	22.252478	2.9814887	40.19707	18.188461	648000	1.3351441e-08	0.023781024	-0.013487716	-0.0062623136	-1.1019894	0.007029589	0.06025	79.0	1131.3712549209595
162	129.29555	1.882834	131.22292	126.38217	1000.0	22.268394	2.9815345	40.684216	18.20336	652000	-1.29342075e-08	0.011074672	-0.00018480056	-0.0025590742	-1.1189799	0.016691202	0.17475	8.0	1136.8486211299896
163	129.00815	2.5344737	132.02472	125.52889	1000.0	22.234564	2.9972003	40.37487	18.167677	656000	-7.2956084e-08	0.020071525	-0.01234192	-0.0027296152	-1.1202654	0.0046770535	0.08125	79.0	1144.0607135295868
164	128.48106	1.5121907	130.52426	126.38829	1000.0	22.232168	2.9898422	40.49563	18.198862	660000	-4.053116e-08	0.01444824	-0.011874596	-0.0025213128	-1.1290059	0.0036994438	0.04725	79.0	1150.7819302082062
165	128.88797	1.9929333	130.7411	125.80552	1000.0	22.207548	2.952546	40.23158	18.05845	664000	-5.4717063e-08	0.01568945	-0.0129744345	-0.005807329	-1.1332455	0.0068914574	0.06625	79.0	1158.1298167705536
166	127.20856	0.5575731	127.854065	126.35161	1000.0	22.177216	2.878122	39.96843	18.293024	668000	-3.6358834e-08	0.014588122	-0.018368075	-0.0066206995	-1.1457247	0.012420539	0.09575	79.0	1164.569815158844
167	129.19551	0.6182192	130.26208	128.76349	1000.0	22.175976	2.895195	39.505062	18.207626	672000	1.9550324e-08	0.009931427	-0.014702649	-0.0033344147	-1.1605735	0.009808864	0.095	79.0	1172.6893391609192
168	126.03104	2.7834008	128.33067	121.27668	1000.0	22.154762	2.9157007	39.62267	18.095398	676000	3.6239623e-08	0.03278115	-0.014211347	-0.011944959	-1.1971594	0.006105916	0.06625	79.0	1179.4387335777283
169	128.70847	1.7400799	130.78374	126.825516	1000.0	22.192688	2.8338127	38.949146	18.248243	680000	-4.9591065e-08	0.032516073	-0.010023405	-0.016774261	-1.201837	0.007672835	0.07675	79.0	1186.4430797100067
170	129.12271	1.305132	131.22983	128.01086	1000.0	22.182938	2.8923132	39.904327	18.17749	684000	-4.4584276e-08	0.011604418	-0.0006010785	-0.0022016019	-1.2255886	0.0260951	0.29925	11.0	1195.95836186409
171	127.46421	2.793392	130.75145	123.10538	1000.0	22.270512	2.9126763	40.153667	18.262354	688000	4.0411948e-08	0.012501765	0.00037492573	-0.0014675008	-1.230091	0.01607744	0.206	1.0	1203.9013106822968
172	127.94208	1.4517514	130.03423	126.178696	1000.0	22.251339	2.911791	40.073944	18.276127	692000	-4.8160555e-08	0.007924958	0.006935753	-0.0012887805	-1.2305166	0.034676705	0.401	3.0	1210.7219557762146
173	125.79021	2.020203	127.885574	122.51221	1000.0	22.307781	2.8994467	39.906807	18.415915	696000	-6.03199e-08	0.007889779	-0.003340265	-0.002225236	-1.2316978	0.01756451	0.2005	6.0	1219.0847566127777
174	129.22913	1.7116114	131.68735	126.88721	1000.0	22.292297	2.9635434	39.867416	18.208258	700000	5.7935715e-08	0.013035187	-0.0022241073	-0.0037352229	-1.2328068	0.017717166	0.1975	3.0	1225.4897675514221
175	130.87637	1.6778227	132.38643	128.08797	1000.0	22.415554	2.9722285	39.76064	18.424877	704000	2.1457673e-08	0.018037321	-0.013138634	-0.00701409	-1.2330793	0.0064809103	0.088	79.0	1235.2907791137695
176	128.38776	1.5884017	131.13057	127.326614	1000.0	22.33575	3.0169404	40.307198	18.235077	708000	3.528595e-08	0.028407821	-0.012042773	-0.020186141	-1.2705297	0.017903754	0.09275	10.0	1244.053433895111
177	128.4623	2.3183877	131.64482	125.7995	1000.0	22.41076	2.952143	39.440758	18.370844	712000	8.773804e-08	0.035444036	0.0055430727	-0.02103793	-1.2728635	0.025105575	0.1765	2.0	1251.1907432079315
178	128.84074	0.76172835	129.89177	127.98052	1000.0	22.342915	3.0497885	40.00423	18.320116	716000	-6.67572e-08	0.010782198	-0.014390925	-0.0057620658	-1.2730156	0.006763635	0.06425	79.0	1262.5306696891785
179	130.90039	2.2810228	133.63544	127.311035	1000.0	22.369062	2.9705126	40.026424	18.42805	720000	7.629395e-09	0.025234066	-0.002744073	-0.016532227	-1.2703104	0.015975881	0.26725	2.0	1268.6230020523071
180	130.97813	1.8311061	133.02419	128.02298	1000.0	22.428762	3.0745761	40.823303	18.321655	724000	4.005432e-08	0.013320361	-0.0056481315	-0.003144525	-1.2705483	0.0180808	0.21025	11.0	1274.2831950187683
181	130.25612	1.5011855	132.82306	129.09378	1000.0	22.364511	3.0189888	40.65902	18.410173	728000	4.4226645e-08	0.009753773	-0.0008295837	-0.0017243093	-1.2721184	0.030879518	0.37025	2.0	1279.8637886047363
182	130.00128	0.8569566	131.28368	128.86923	1000.0	22.398258	3.0496132	40.37438	18.315968	732000	-4.0650367e-08	0.007099878	-0.0054621166	-0.0019586738	-1.2723687	0.01511046	0.1565	5.0	1285.7335119247437
183	130.90561	1.0750976	132.16713	129.19609	1000.0	22.49479	3.0386703	40.461433	18.506838	736000	4.863739e-08	0.014268455	-0.013467927	-0.005745168	-1.2727437	0.00741165	0.07375	79.0	1292.505565404892
184	128.91096	2.3462765	132.89122	126.921524	1000.0	22.384579	2.9791944	40.80699	18.237963	740000	-6.175041e-08	0.024183085	-0.01417498	-0.0072368104	-1.2820805	0.015432183	0.145	61.0	1299.6557681560516
185	128.02225	3.1887026	131.73282	122.93081	1000.0	22.329422	2.906801	40.419735	18.346125	744000	5.8174134e-08	0.02035623	-0.011802218	0.0029946994	-1.3003827	0.007914433	0.09975	79.0	1306.421553850174
186	128.74011	1.03646	130.06651	127.45848	1000.0	22.286827	2.9678924	40.83193	18.307255	748000	9.8228455e-08	0.017046466	-0.007845746	-0.0053192414	-1.328311	0.016311292	0.20675	15.0	1313.4957134723663
187	127.80925	1.5363828	130.23627	126.354195	1000.0	22.364658	2.9960265	41.112503	18.37141	752000	1.1563301e-08	0.021327384	-0.002755129	-0.0024328604	-1.3297164	0.022843644	0.32425	4.0	1321.7387812137604
188	127.799934	2.282358	130.29445	124.081375	1000.0	22.384302	3.0058572	41.20551	18.348997	756000	-1.9073487e-09	0.010058136	-0.00210137	-0.0035290914	-1.3297944	0.01607911	0.182	1.0	1327.83460521698
189	126.776764	4.2017617	133.25589	122.69341	1000.0	22.37963	2.9827533	41.173176	18.491814	760000	-4.1246413e-08	0.01233027	-0.014045056	-0.0047689364	-1.3297886	0.010074484	0.10825	79.0	1335.1175227165222
190	126.877014	1.5832541	129.25932	125.34151	1000.0	22.355927	3.024755	41.198875	18.53548	764000	1.0752678e-07	0.012916397	-0.0021426121	-0.0053541358	-1.3618432	0.019038146	0.2285	3.0	1340.785367012024
191	129.82343	2.219005	131.64743	126.196686	1000.0	22.439823	2.9721131	40.70691	18.678265	768000	-5.3405763e-08	0.0093928045	-0.0015211249	-0.00428825	-1.3624592	0.015981566	0.1695	5.0	1346.3615260124207
192	126.563324	3.786574	132.43475	123.15436	1000.0	22.427555	3.0242844	41.208565	18.59157	772000	-1.9788741e-08	0.007905822	-0.008724212	-0.0017269468	-1.3629577	0.016313562	0.2715	24.0	1352.4655766487122
193	130.54196	0.75646836	131.40189	129.4327	1000.0	22.412315	2.945292	40.946243	18.546532	776000	-1.8119811e-08	0.008231865	0.0131311985	-0.0035182917	-1.3718387	0.051029533	0.46425	1.0	1357.4405467510223
194	127.80946	2.6192546	131.99881	124.77282	1000.0	22.44435	2.9581106	41.386887	18.53426	780000	1.11818316e-07	0.009996044	0.011791957	-0.0017038118	-1.3723056	0.03936481	0.372	1.0	1363.1942439079285
195	130.6713	2.108146	132.8795	127.25129	1000.0	22.431137	2.9555247	41.27244	18.48465	784000	2.7179718e-08	0.011465651	0.0068380963	-0.0015487075	-1.3727211	0.01787002	0.284	1.0	1368.9169328212738
196	129.7377	1.5682095	132.32109	128.08658	1000.0	22.412548	2.9510763	41.031887	18.47493	788000	3.051758e-08	0.011765769	3.1948087e-08	-0.0047431956	-1.3731025	0.01713286	0.165	2.0	1374.71963429451
197	128.58325	3.5512471	132.46904	124.09924	1000.0	22.431152	2.9190125	40.810814	18.242334	792000	-7.1525574e-10	0.015305064	0.00802836	-0.0027926723	-1.3737552	0.04461144	0.45675	1.0	1381.3291382789612
198	128.57906	3.0581934	132.90648	124.77418	1000.0	22.45545	2.953951	40.901302	18.23422	796000	-1.4305114e-08	0.012273004	0.01606977	-0.003869868	-1.3739982	0.052061453	0.49725	1.0	1387.1201508045197
199	130.27298	1.6953067	132.85631	128.25925	1000.0	22.558195	2.9767864	41.066124	18.850471	800000	6.198883e-09	0.013982538	0.021543192	-0.00846572	-1.3742269	0.063918784	0.5355	1.0	1392.4232318401337
200	128.75754	0.711748	129.57433	127.62215	1000.0	22.457832	2.984144	41.33491	18.470058	804000	1.525879e-08	0.022275979	0.016970193	-0.015194846	-1.374444	0.076353	0.5325	1.0	1398.4915585517883
201	129.76212	0.56418097	130.70987	129.26642	1000.0	22.461163	2.9403584	40.516773	18.665468	808000	4.1365624e-08	0.01765434	0.030053288	-0.0058326703	-1.3746275	0.05677771	0.435	1.0	1404.9125006198883
202	130.11533	0.8410284	130.9774	128.81082	1000.0	22.427284	2.960532	40.871407	18.770252	812000	3.2663344e-08	0.039427735	0.023156505	-0.025681004	-1.3748345	0.039499514	0.34375	1.0	1410.758933544159
203	126.75219	2.3658988	129.60829	123.59187	1000.0	22.26483	2.96235	41.369003	18.635868	816000	7.939339e-08	0.11622113	0.0023247895	-0.074242696	-1.375046	0.030925047	0.35275	1.0	1416.1605236530304
204	127.11137	3.24556	131.50014	122.460045	1000.0	22.040495	2.9419193	40.69318	18.71613	820000	-5.197525e-08	0.021244321	0.02107881	-0.013148396	-1.3751987	0.07801765	0.5685	1.0	1419.9341173171997
205	126.86378	3.0332365	130.04744	123.03619	1000.0	22.09938	2.9317243	40.879047	18.477058	824000	4.1246413e-08	0.040963687	0.02336214	-0.031482123	-1.3753377	0.10215785	0.619	1.0	1424.81205868721
206	128.90208	2.7289042	132.04216	125.65882	1000.0	22.248766	2.9483905	40.564007	18.59119	828000	-3.9756298e-08	0.029904818	0.015490348	-0.014901383	-1.3754307	0.09572891	0.589	1.0	1431.063383102417
207	129.29831	1.6792406	130.95547	126.57989	1000.0	22.338188	2.9436815	41.528652	18.49064	832000	-1.3589859e-08	0.01982144	0.011631923	-0.0060003195	-1.3755039	0.050857328	0.4555	1.0	1436.9050078392029
208	130.91025	2.2403495	133.35027	127.267	1000.0	22.409891	2.9233406	41.41622	18.791208	836000	-3.71933e-08	0.010419004	0.010814004	-0.0036958	-1.3756216	0.033269547	0.37575	1.0	1443.395434141159
209	128.4461	2.413263	131.46072	124.74766	1000.0	22.414915	2.9355383	41.161625	18.611637	840000	6.198883e-09	0.010499885	0.0055009467	-0.0018368913	-1.3757226	0.02683147	0.3555	1.0	1449.331634759903
210	127.9407	1.3617238	129.72795	126.3989	1000.0	22.383009	2.9155166	41.167297	18.374918	844000	1.3351441e-08	0.01034701	0.004410519	-0.0032522022	-1.3758385	0.024183568	0.3495	1.0	1455.1217095851898
211	131.61708	1.4545276	133.28633	129.3556	1000.0	22.431835	2.9253337	41.519814	18.677628	848000	-1.9073487e-09	0.014726004	-0.011274185	-0.0066225687	-1.3759292	0.0047236644	0.10025	79.0	1462.433449268341
212	130.41144	1.5119851	132.64159	128.962	1000.0	22.35456	2.9374762	41.927986	18.393427	852000	3.2901763e-08	0.014540511	-0.010787594	-0.0023598867	-1.3919933	0.015074881	0.19725	30.0	1468.6921157836914
213	130.28363	2.067734	132.68611	127.905	1000.0	22.428005	2.9800723	41.5921	18.344854	856000	1.2397766e-08	0.010860848	-0.011955663	-0.0025300318	-1.4007604	0.005826347	0.066	79.0	1476.0203096866608
214	129.75009	1.6430053	132.28995	128.2146	1000.0	22.412659	2.962589	41.245926	18.389034	860000	-3.7670137e-08	0.009963639	-0.014589345	-0.0030963537	-1.4219518	0.0059498344	0.0665	79.0	1482.9143283367157
215	131.05058	1.970977	134.03055	128.4885	1000.0	22.467224	2.940366	41.41187	18.45126	864000	6.532669e-08	0.009856953	-0.013534689	-0.003044542	-1.4344727	0.010420674	0.12	79.0	1491.2000889778137
216	132.60378	2.720018	136.71736	129.39656	1000.0	22.52759	2.9990373	41.894676	18.663977	868000	1.7166137e-08	0.021344123	-0.013054552	-0.0069238897	-1.4511472	0.009286651	0.1005	79.0	1499.1379072666168
217	130.61766	2.5252862	133.1822	127.14172	1000.0	22.553188	3.0314925	41.85648	18.472982	872000	-1.4305115e-09	0.011048381	-0.01288002	-0.002553775	-1.4672982	0.0093574105	0.1095	79.0	1506.2156615257263
218	131.64543	2.1597052	133.47498	128.0685	1000.0	22.583046	3.0063903	41.60489	18.59322	876000	-2.0295381e-08	0.008117729	-0.012831759	-0.0014946815	-1.4903715	0.0062692775	0.07	79.0	1512.7119121551514
219	131.6418	1.706011	134.2783	129.5443	1000.0	22.611614	3.0363874	41.74339	18.739412	880000	7.939339e-08	0.007013896	-0.002478597	-0.0014486103	-1.4953321	0.021680534	0.284	9.0	1518.5783762931824
220	132.4368	1.226821	133.54697	130.36746	1000.0	22.563911	3.0226376	41.82447	18.731525	884000	3.671646e-08	0.0042014625	-0.0015297907	-0.0007278579	-1.4976232	0.017519511	0.27325	2.0	1524.688811302185
221	130.74115	1.3088249	132.42188	128.98776	1000.0	22.562325	3.0405333	41.67749	18.530745	888000	-2.503395e-08	0.009415828	0.003705828	-0.0046145697	-1.4983159	0.023905378	0.3645	1.0	1530.1425919532776
222	130.89413	0.86650497	132.15067	129.99323	1000.0	22.537884	3.00881	41.004578	18.756342	892000	1.1324882e-09	0.0035893256	0.0095620835	-0.0013033578	-1.4986407	0.037655257	0.4	1.0	1535.869487285614
223	129.20285	1.3582793	130.94492	127.40514	1000.0	22.574394	3.0122173	40.928516	18.656961	896000	1.5735626e-08	0.005234328	0.009636102	-0.00060549565	-1.4989271	0.048049625	0.44975	1.0	1541.2780222892761
224	128.19983	3.5460198	132.69151	122.94557	1000.0	22.647251	3.0687516	41.52124	18.659445	900000	2.6702882e-08	0.010559479	0.0063974536	-0.0028811158	-1.4991372	0.029488238	0.38575	1.0	1546.7310769557953
225	130.72116	4.1258307	134.1701	123.689964	1000.0	22.649288	3.0756783	42.050404	18.599548	904000	-4.029274e-08	0.0060732877	0.0107837785	-0.001209545	-1.4993402	0.034490425	0.40725	1.0	1552.8027443885803
226	132.66922	1.5454935	134.7729	130.76018	1000.0	22.648964	3.0782752	42.001766	18.899876	908000	4.553795e-08	0.005740783	0.0055197678	-0.0012189122	-1.4995273	0.05016291	0.4065	1.0	1558.6776204109192
227	132.48798	1.3343366	134.21892	130.53787	1000.0	22.648535	3.1073298	41.45148	18.88867	912000	9.4532965e-08	0.010779848	0.009015024	-0.005466165	-1.499696	0.027158624	0.3995	1.0	1565.6036338806152
228	130.71698	1.6534395	132.44945	128.2401	1000.0	22.580235	3.0796177	41.18832	18.75318	916000	-3.9100648e-08	0.00940801	0.005933748	-0.004817268	-1.4998173	0.030102035	0.34425	1.0	1570.749122619629
229	132.04614	1.3989918	134.27127	130.6874	1000.0	22.60299	3.100875	41.925377	18.986752	920000	-2.861023e-09	0.007004061	0.0059079747	-0.00247904	-1.4999002	0.032457866	0.3405	1.0	1576.737637758255
230	130.13165	1.735177	132.34323	127.475845	1000.0	22.584286	3.1142457	41.971497	18.801	924000	4.7683717e-08	0.01024094	0.0037132849	-0.004237617	-1.5000103	0.01962416	0.2745	1.0	1582.6676805019379
231	127.866	1.2701099	129.70552	126.172195	1000.0	22.554354	3.0904558	41.345608	18.816605	928000	5.9127807e-08	0.010807384	-0.0048272945	-0.0016076602	-1.5000961	0.019390456	0.167	16.0	1588.4706690311432
232	130.54596	1.0547976	131.54305	129.04965	1000.0	22.51681	3.1246152	41.875786	18.891262	932000	3.218651e-08	0.00784073	-0.010476191	-0.0024309545	-1.5015855	0.015967008	0.1915	19.0	1594.0151224136353
233	129.91025	2.5581663	132.05095	125.6281	1000.0	22.544329	3.0771797	41.305794	19.081871	936000	-2.2411346e-08	0.00572929	-0.005474772	-0.0015522144	-1.5057342	0.015069098	0.1265	9.0	1600.460696220398
234	127.61868	1.4606731	129.6887	125.7065	1000.0	22.534803	3.0351777	41.047863	18.941807	940000	7.6293944e-08	0.0064552003	0.0007692943	-0.0023446009	-1.5085518	0.024398267	0.30275	2.0	1606.6354763507843
235	128.98766	2.4336388	131.24443	124.88321	1000.0	22.521246	3.0767183	41.58811	18.966553	944000	-2.4080277e-08	0.0058089	0.000977924	-0.0013194848	-1.5092866	0.017782036	0.22675	3.0	1613.1720514297485
236	130.0524	1.2718941	132.24043	129.17557	1000.0	22.581814	3.0340009	41.68634	18.917633	948000	1.0585785e-07	0.009480446	-0.0059027486	-0.0014449665	-1.5103524	0.027035158	0.333	20.0	1618.614219903946
237	130.76395	1.1283275	132.71082	129.96214	1000.0	22.550869	3.0697107	41.750893	18.857805	952000	4.9591065e-08	0.005792841	-0.0013811269	-0.0012378283	-1.5135638	0.015019066	0.102	6.0	1624.202214717865
238	128.05754	3.9146538	133.56099	122.62536	1000.0	22.553335	2.9804997	42.055954	18.812927	956000	-2.503395e-08	0.008633557	-0.013655883	-0.0016083578	-1.5138229	0.00837675	0.1285	79.0	1632.0301237106323
239	128.72313	2.5511444	132.22757	125.74519	1000.0	22.551796	3.0279922	41.489292	18.905481	960000	-5.2452087e-08	0.005621747	0.0013723207	-0.0016845111	-1.5208695	0.025068158	0.32	5.0	1637.8167958259583
240	130.29732	0.7597299	131.37213	129.41245	1000.0	22.574291	3.0265942	42.60579	18.828516	964000	5.710125e-08	0.012795018	0.0031331326	-0.0040269773	-1.5218743	0.026605701	0.357	1.0	1643.69215798378
241	133.19386	2.040971	136.21886	130.5722	1000.0	22.642971	3.0938945	42.496357	19.043423	968000	7.009506e-08	0.0069698817	0.0090921195	-0.0020890175	-1.5220938	0.042425413	0.433	1.0	1649.4846985340118
242	129.8831	5.1413045	135.5669	122.191414	1000.0	22.616379	3.0605857	42.63503	18.790281	972000	5.1259995e-08	0.008613029	0.00812286	-0.0018158872	-1.5222824	0.02260703	0.34275	1.0	1656.8772208690643
243	128.40656	3.6316588	134.29848	125.38229	1000.0	22.6118	3.0133584	42.381542	18.963852	976000	5.1259995e-08	0.007426626	0.007995513	-0.0018047416	-1.5224599	0.027882935	0.33825	1.0	1663.0571703910828
244	131.78134	1.1974924	133.15797	129.91536	1000.0	22.603903	3.0140407	41.449768	18.832413	980000	-6.198883e-09	0.007891041	-0.012256989	-0.0035445774	-1.5226253	0.016505718	0.178	33.0	1670.8619267940521
245	130.90277	1.6521702	132.4553	128.2487	1000.0	22.63222	3.031194	42.36628	18.956894	984000	6.353855e-08	0.006059709	-0.002147636	-0.00216599	-1.524312	0.015163782	0.16375	2.0	1676.061552286148
246	130.2088	0.94894135	131.15718	128.80365	1000.0	22.576225	2.9952085	40.646297	18.69926	988000	-2.9563903e-08	0.007755002	-0.008732362	-0.003710628	-1.5245483	0.019403137	0.15625	13.0	1681.1188507080078
247	130.33923	0.35281175	130.79817	129.96179	1000.0	22.559193	2.9602685	41.38295	18.823002	992000	1.859665e-08	0.0033603106	-0.0075778537	-0.0006969739	-1.525268	0.019971538	0.224	8.0	1686.5403909683228
248	131.82089	1.9746544	133.6317	128.48761	1000.0	22.62413	2.9880638	41.886433	18.887777	996000	2.3841858e-08	0.0041077402	-0.014388636	-0.0007810185	-1.5267017	0.007518447	0.07775	79.0	1693.9735057353973
249	131.72221	2.9528975	135.00357	127.35764	1000.0	22.648476	3.068687	42.931946	18.637388	1000000	-4.3332577e-08	0.014164281	-0.0046942616	-0.003941915	-1.5487051	0.015440193	0.12925	1.0	1700.542331457138
