Epoch	AverageEpRet	StdEpRet	MaxEpRet	MinEpRet	EpLen	AverageVVals	StdVVals	MaxVVals	MinVVals	TotalEnvInteracts	LossPi	LossV	DeltaLossPi	DeltaLossV	Entropy	KL	ClipFrac	StopIter	Time
0	-70.98828	27.682016	-46.751873	-109.03068	635.8	-0.047694974	0.090629205	0.28872085	-0.33952844	4000	-4.7683715e-09	236.9463	-0.014479507	-51.46855	0.9189432	0.01145609	0.22125	79.0	8.299409866333008
1	-88.212036	28.812033	-47.644333	-119.64444	413.625	-6.4977894	0.6336858	1.5109538	-7.788366	8000	-4.708767e-09	417.78192	-0.013285443	-80.9317	0.9195882	0.015089874	0.16175	24.0	18.079251527786255
2	-95.18476	21.881643	-46.694843	-114.979324	247.625	-8.64192	4.7983704	-1.3703871	-15.569934	12000	-3.3140182e-08	852.16223	-0.0129938135	-238.79926	0.91638786	0.015104186	0.1115	23.0	26.83052635192871
3	-64.514946	27.926876	-47.38509	-112.855576	770.25	-6.0839453	4.8764997	-2.435303	-25.429125	16000	2.026558e-09	81.56655	-0.015012834	-17.506882	0.919271	0.009349747	0.13225	79.0	37.05594086647034
4	-70.94709	27.590359	-46.427376	-106.6697	637.4	-5.9983644	4.654353	-3.328262	-26.442339	20000	-7.152557e-09	107.13307	-0.014710032	-18.708649	0.91279334	0.015084192	0.18425	54.0	47.13864183425903
5	-87.25734	31.855736	-44.610355	-127.23895	422.25	-6.8201623	6.3184853	12.261502	-27.750254	24000	2.002716e-08	335.69043	-0.018454282	-103.45923	0.9163181	0.010362254	0.1085	79.0	57.51774740219116
6	-83.61137	32.171345	-42.839897	-114.84665	473.42856	-7.152792	7.347049	-3.8689566	-30.459839	28000	-3.8146974e-09	256.2309	-0.014923552	-45.166092	0.92574376	0.011923027	0.1215	79.0	67.83367848396301
7	-69.74925	30.443676	-43.102562	-107.594406	627.4	-7.511629	7.677259	-4.0861025	-32.40961	32000	1.2516975e-08	117.826294	-0.014092118	-43.05049	0.93726003	0.010937187	0.18725	79.0	77.6726016998291
8	-63.015423	27.386438	-42.56349	-109.83341	781.5	-5.970878	5.034992	-4.518288	-33.62123	36000	8.106232e-09	54.035458	-0.014923933	-11.91309	0.9391018	0.015405321	0.21075	31.0	86.4564642906189
9	-70.29884	29.28063	-43.19818	-109.41799	635.8	-6.351917	5.748014	-4.463121	-34.43554	40000	2.3841857e-09	117.74339	-0.015501439	-25.153023	0.9361383	0.012742954	0.1755	79.0	96.47192072868347
10	-70.34987	31.76428	-42.116722	-109.92891	623.0	-6.298211	5.941446	-4.2602873	-35.100277	44000	-8.5830685e-09	99.97417	-0.018735606	-14.31395	0.9268078	0.01511147	0.157	59.0	105.68595337867737
11	-66.80941	29.473595	-42.66463	-106.43186	628.2	-6.1786914	6.855521	-3.3664677	-35.898632	48000	1.4305115e-09	77.06241	-0.016485278	-13.153236	0.9151056	0.01214335	0.159	79.0	115.62492418289185
12	-41.383076	2.0949183	-39.156246	-44.74239	1000.0	-4.7098784	2.748052	-3.7272959	-37.16564	52000	-2.384186e-10	10.032005	-0.010972599	-8.425827	0.91430795	0.015637638	0.17325	41.0	124.6267454624176
13	-62.065205	30.907742	-33.52447	-114.27665	764.75	-4.5961986	2.3801582	-3.8340545	-37.12671	56000	-6.437302e-09	84.10226	-0.011031289	-35.56087	0.90539575	0.010463064	0.1665	79.0	134.20487356185913
14	-83.989136	30.897072	-36.30379	-111.39982	381.44446	-5.836813	6.4197135	-3.6196141	-37.456505	60000	8.5830685e-09	372.0058	-0.01805906	-214.47064	0.90576947	0.011457116	0.1205	79.0	143.94391059875488
15	-67.84227	31.506153	-38.18208	-106.38695	636.0	-6.947459	9.886306	-2.691114	-42.11564	64000	-9.298325e-09	84.19992	-0.016531065	-15.786766	0.9087259	0.010121634	0.1265	79.0	153.77881383895874
16	-87.50182	32.378944	-39.653343	-121.022736	391.55554	-9.4953985	12.894999	7.641014	-43.371605	68000	1.5497208e-09	249.64262	-0.0151854735	-37.082504	0.90237385	0.0061960737	0.12475	79.0	163.83489322662354
17	-65.446785	29.447653	-39.185017	-102.156456	625.8	-8.073359	9.792796	-5.3444834	-46.70816	72000	7.152557e-09	82.1103	-0.0050708563	-36.95536	0.9146125	0.015491823	0.19375	6.0	172.11571598052979
18	-48.23904	7.943903	-38.596073	-56.162636	1000.0	-4.7774444	3.115314	-4.2137394	-47.014843	76000	1.6689301e-09	8.938773	-0.01365815	-6.8003426	0.9142612	0.015117172	0.1865	53.0	181.15080881118774
19	-46.688663	2.2857504	-43.80719	-50.184227	1000.0	-4.4043455	0.45573363	-4.1091123	-13.376294	80000	3.5762787e-10	0.7007722	-0.014179317	-0.052188456	0.90019065	0.009429795	0.1315	79.0	190.97117257118225
20	-41.833694	3.8530872	-38.534737	-48.374054	1000.0	-4.2923527	0.23285075	-3.867608	-11.007946	84000	2.384186e-10	1.0057584	-0.017800182	-0.08000702	0.88161355	0.011883043	0.14225	79.0	201.78876566886902
21	-68.0752	34.599052	-35.459682	-110.69948	627.6	-4.1350965	1.2228067	-3.4483294	-45.686623	88000	2.5391579e-08	172.36671	-0.018903166	-71.7261	0.8515565	0.01191623	0.12225	79.0	211.60717034339905
22	-37.192497	4.121541	-32.28958	-43.01099	1000.0	-4.492602	3.047916	-2.2083988	-47.948025	92000	1.9550324e-08	11.515572	-0.01452805	-10.212928	0.85137504	0.00396025	0.1075	79.0	221.29684257507324
23	-39.35465	3.4561515	-34.652515	-43.587482	1000.0	-3.731027	0.55169	-3.1782153	-20.95994	96000	-7.748604e-10	1.2168409	-0.0023104271	-0.16965008	0.837366	0.017316688	0.211	4.0	229.17012929916382
24	-37.43096	3.2590437	-32.32034	-40.53309	1000.0	-3.8314445	0.3448318	-3.3202455	-10.807717	100000	2.3841857e-09	0.68628895	-0.013968791	-0.034202397	0.8368115	0.006890826	0.08175	79.0	238.9362392425537
25	-34.75013	1.0458325	-33.27051	-36.2143	1000.0	-3.8151758	0.288727	-3.383137	-5.8325243	104000	-2.503395e-09	0.6579016	-0.015947644	-0.15229297	0.81468284	0.005994905	0.1335	79.0	248.6374068260193
26	-65.75207	38.769417	-32.47192	-117.942825	646.8	-4.4371686	5.8045917	-3.3888905	-48.55441	108000	7.867813e-09	120.788055	-0.017031675	-87.89415	0.79472363	0.015038088	0.1305	70.0	258.17234992980957
27	-34.306488	2.138385	-30.910904	-36.786266	1000.0	-3.8373196	2.4415452	-2.8713188	-48.573547	112000	1.2397766e-08	6.9277153	-0.0051301904	-6.2065454	0.78824073	0.017028838	0.21575	5.0	266.4081211090088
28	-38.96466	2.2433183	-35.723103	-41.225067	1000.0	-3.454688	0.48816183	-3.0003788	-18.607548	116000	-1.0490417e-08	0.6511541	-0.014145595	-0.3184767	0.7877001	0.015039207	0.134	78.0	276.32521772384644
29	-37.158966	4.1637907	-32.20589	-42.66804	1000.0	-3.846393	0.13312791	-3.5775359	-8.994122	120000	1.0490417e-08	0.7855327	-0.017531257	-0.08054429	0.7542983	0.007684178	0.151	79.0	286.20253252983093
30	-38.241398	2.2785492	-35.552605	-40.744293	1000.0	-3.6049795	0.20153134	-3.1874933	-7.975083	124000	4.529953e-09	0.40601742	-0.017259065	-0.005118102	0.74099207	0.009792221	0.117	79.0	295.9358949661255
31	-34.843906	1.6039774	-32.519405	-36.405903	1000.0	-3.5738215	0.15118895	-3.0420542	-7.509976	128000	-2.384186e-10	0.26472744	-0.016201949	-0.023756653	0.7155802	0.009402077	0.09925	79.0	305.3363320827484
32	-38.22577	6.582939	-30.51852	-47.648464	1000.0	-3.4583964	0.13239598	-3.0375433	-6.512029	132000	4.768372e-10	0.66682976	-0.016626915	-0.026296735	0.70465416	0.007819445	0.104	79.0	314.9615032672882
33	-32.798073	2.6199427	-28.46071	-35.202435	1000.0	-3.529218	0.15777864	-2.818507	-7.473878	136000	1.1205673e-08	0.44546175	-0.015025108	-0.063831925	0.7017686	0.009316794	0.1135	79.0	324.7994616031647
34	-33.49541	3.2217603	-31.226841	-39.058193	1000.0	-3.281517	0.5625505	-2.3938951	-32.90915	140000	1.5974045e-08	0.8402991	-0.003613913	-0.2621606	0.68950987	0.016606782	0.19325	5.0	332.3323223590851
35	-31.17294	3.1477985	-27.17433	-34.675663	1000.0	-3.3050773	0.23324996	-1.9011234	-13.277418	144000	-8.150935e-09	1.2167153	-0.014610054	-0.26324862	0.68903935	0.015409971	0.1345	22.0	340.2985234260559
36	-24.132593	3.0220838	-19.60134	-27.77218	1000.0	-2.923671	0.36894056	-1.2556694	-8.21987	148000	1.4901161e-08	0.6661567	-0.01443415	-0.21318227	0.68655294	0.0044033485	0.08375	79.0	349.9607093334198
37	-24.040514	1.3843954	-21.6821	-25.224691	1000.0	-2.568413	0.29079926	-1.1949003	-7.5227175	152000	1.07288365e-08	0.7139217	-0.0036947993	-0.084429085	0.67761993	0.015280045	0.21625	4.0	358.2047264575958
38	-23.86405	2.8703403	-19.4013	-27.042536	1000.0	-2.4237976	0.28148714	-0.6947795	-7.243783	156000	2.7418137e-09	0.80449086	-0.014233335	-0.19123197	0.67739195	0.0073611005	0.1025	79.0	368.04939365386963
39	-25.35778	3.7596834	-19.80726	-30.405827	1000.0	-2.5368671	0.33338833	0.045206726	-4.554687	160000	-6.7949295e-09	0.5939663	-0.013947508	-0.048125267	0.6658996	0.007169969	0.08625	79.0	378.7018234729767
40	-19.973707	0.9420505	-18.828371	-21.220469	1000.0	-2.5089245	0.41714197	0.18103623	-2.983714	164000	1.2159347e-08	0.9467318	-0.003097771	-0.5106349	0.6556851	0.016024612	0.202	3.0	386.7809431552887
41	-17.643633	1.8954592	-15.447743	-20.481867	1000.0	-2.0781257	0.98646647	7.286419	-11.69913	168000	4.1127204e-09	0.5884646	-0.0017062867	-0.14561993	0.65536976	0.0153183425	0.18775	3.0	395.09717535972595
42	-17.836847	2.5004845	-15.32791	-20.571407	1000.0	-1.9172463	0.6564662	3.533415	-2.556179	172000	-1.9073486e-08	0.4120913	-0.015089853	-0.039012164	0.65500224	0.009719841	0.0895	79.0	404.8661422729492
43	-10.466505	2.350668	-6.521242	-12.718384	1000.0	-1.8003794	0.85278285	6.603528	-2.4781344	176000	2.6226044e-09	1.0999367	-0.012845757	-0.4252683	0.6406442	0.00777521	0.09075	79.0	414.6315884590149
44	-8.628841	2.0875363	-6.5358996	-11.6555	1000.0	-1.1271577	0.97989744	5.669181	-1.9579731	180000	3.5762786e-09	0.48202664	-0.014516452	-0.05586648	0.6292812	0.009566113	0.0995	79.0	424.1459867954254
45	-7.8362103	1.264104	-6.0631795	-9.562455	1000.0	-1.0514843	0.7734067	4.6384625	-1.8725243	184000	-1.9073487e-09	0.5226677	-0.014643856	-0.08690798	0.6251144	0.006882374	0.0925	79.0	433.9976980686188
46	-4.755152	6.409365	3.0415542	-11.843038	1000.0	-0.74065727	0.91980284	4.962607	-1.6794554	188000	4.529953e-09	1.0274222	-0.015680172	-0.13002998	0.6200919	0.0077459053	0.133	79.0	443.1598699092865
47	-3.4129744	2.3582056	-0.18633999	-6.578413	1000.0	-0.40688518	0.98123324	4.925676	-1.5447986	192000	1.26361845e-08	1.3694751	-0.0066238446	-0.18567312	0.6171364	0.015917793	0.20675	4.0	451.26123881340027
48	5.8869185	10.028723	19.859144	-3.649405	1000.0	0.09579211	1.3131748	6.674861	-1.3406967	196000	3.027916e-08	1.4163697	-0.01597234	-0.26800346	0.6164337	0.0053946255	0.10875	79.0	461.0210292339325
49	13.3350115	7.8518124	24.105936	4.3160696	1000.0	0.779925	1.4769024	6.934861	-1.1350899	200000	-3.4570693e-08	2.9368243	-0.020538231	-0.6117871	0.59773314	0.011256758	0.169	79.0	470.09267807006836
50	27.699429	14.790386	51.163345	10.279659	1000.0	1.9120928	1.6229172	8.596094	-1.1452008	204000	3.1590461e-09	4.371627	-0.016315194	-1.229598	0.5807832	0.0066160993	0.12725	79.0	479.5308816432953
51	39.15035	12.509167	53.82277	21.502949	1000.0	3.2796328	2.0974503	9.122071	-19.262705	208000	3.004074e-08	4.251903	-0.018056886	-0.9928379	0.57117254	0.009718195	0.1325	79.0	489.4792628288269
52	39.28147	10.759515	52.247753	23.619003	1000.0	4.1264505	1.9252354	10.19735	-0.7890117	212000	6.7353247e-09	2.9906094	-0.020371716	-0.27872586	0.56223613	0.011239681	0.15025	79.0	499.04425287246704
53	56.201	10.577288	71.451675	44.75663	1000.0	4.9996357	1.9284999	11.638941	0.3752588	216000	-7.1525574e-10	3.387364	-0.004828642	-0.7206521	0.5410665	0.018751664	0.2015	4.0	506.60737109184265
54	65.480225	6.855806	73.76798	55.214016	1000.0	6.0683994	2.0542686	13.758667	0.6412585	220000	-1.1444092e-08	3.4645	-0.003847089	-0.5720835	0.540805	0.01897496	0.26375	3.0	514.3522937297821
55	68.50351	9.336303	80.63621	56.830616	1000.0	7.096347	2.4884892	13.700008	-7.4564996	224000	-1.847744e-08	5.128391	0.00019909287	-1.091177	0.5404459	0.015038863	0.2085	4.0	522.1643486022949
56	91.330376	8.170995	101.64364	80.33633	1000.0	7.954606	1.8993622	14.600054	1.0419099	228000	1.1920929e-08	5.592226	-0.017353287	-3.9273658	0.5401177	0.006615747	0.127	79.0	531.5244591236115
57	49.25114	76.35683	100.38699	-82.73802	839.25	9.211474	5.3536825	15.080118	-48.996445	232000	1.001358e-08	98.2776	-0.010767724	-26.367043	0.5233787	0.0153885875	0.172	27.0	539.7343447208405
58	6.7463484	89.20825	91.42246	-126.83918	726.4	5.97395	9.216013	32.61184	-52.702736	236000	4.768372e-10	243.31845	-0.008415774	-55.40181	0.5226891	0.018039217	0.2435	4.0	548.0835058689117
59	-15.221302	84.960686	96.39357	-105.8278	587.8333	2.7076495	12.921586	9.498036	-55.666416	240000	-2.4199485e-08	261.2964	-0.0028578665	-65.28706	0.52282274	0.017437298	0.2035	4.0	555.5654485225677
60	43.482994	91.38969	101.93798	-114.59957	767.75	5.6988697	3.76764	15.229281	-55.793133	244000	9.894371e-09	135.16469	-0.007936198	-32.164116	0.52312887	0.016118329	0.25125	7.0	563.3226528167725
61	44.890114	83.88002	105.854	-99.56284	780.75	7.953119	5.980288	18.785486	-56.126595	248000	4.053116e-09	71.877495	-0.016252842	-39.441483	0.52297163	0.0074967556	0.12525	79.0	572.8037257194519
62	68.5996	48.96923	101.95789	-15.974198	996.25	8.400798	4.129338	16.504444	-40.429626	252000	-1.4066696e-08	154.33633	-0.017326867	-38.421005	0.5152516	0.011380618	0.187	79.0	582.1299777030945
63	56.37229	71.53035	105.79896	-67.21082	850.75	7.5587845	6.525635	12.863335	-52.78697	256000	-3.0994416e-09	88.27849	-0.017266374	-18.021126	0.5009997	0.011310862	0.142	79.0	591.4153728485107
64	94.922226	8.310218	100.99094	80.70629	1000.0	8.372833	2.4307683	11.62066	-27.77906	260000	1.2397766e-08	11.135569	-0.015265251	-7.7458067	0.50256056	0.011134089	0.116	79.0	600.7043404579163
65	101.16849	4.659605	107.652176	95.93375	1000.0	10.001788	1.1295651	13.102367	2.9567595	264000	1.502037e-08	2.4755974	-0.014964359	-0.6794332	0.5010736	0.009900982	0.11125	79.0	609.9839582443237
66	102.290474	3.111609	104.226135	96.903114	1000.0	10.484385	1.3758271	15.732366	3.5783653	268000	1.7642975e-08	2.34336	-0.017575916	-0.17072463	0.50217384	0.013120999	0.13125	79.0	619.4581305980682
67	75.870995	48.084206	110.681984	-6.6031284	976.0	10.551109	1.674724	14.852275	-13.118445	272000	1.4305115e-09	153.52823	-0.0052463287	-58.15258	0.497604	0.017393703	0.22475	5.0	626.3731000423431
68	92.93072	11.098423	107.36638	76.47759	1000.0	8.716701	2.2668192	14.644241	-11.004644	276000	-4.7683715e-09	6.6701093	-0.017917454	-2.831273	0.4977804	0.004547269	0.09225	79.0	635.8202183246613
69	101.91847	7.115604	113.95829	95.61172	1000.0	9.613733	1.5925579	14.6409235	3.6466067	280000	2.026558e-08	3.2068338	-0.014207331	-1.053061	0.48727033	0.0065000304	0.079	79.0	645.0321304798126
70	96.39214	2.9806426	100.996635	92.941536	1000.0	10.493191	1.5512245	15.240653	4.415085	284000	2.0086766e-08	2.8468056	-0.014871338	-0.20651698	0.4922402	0.011147324	0.0965	79.0	654.7045104503632
71	53.11714	82.27454	109.908195	-88.96097	794.25	9.594843	5.871414	14.423765	-61.74294	288000	8.761883e-09	81.84851	-0.016846295	-60.110474	0.4920806	0.015324613	0.212	41.0	662.8796172142029
72	92.63649	5.3608484	99.49544	84.57175	1000.0	9.280525	4.188975	14.336982	-60.260624	292000	-7.390976e-09	20.885118	-0.014596823	-17.571701	0.4866306	0.0104921935	0.14925	79.0	672.3674423694611
73	99.83047	8.3133135	113.1363	90.24247	1000.0	9.532886	1.4443532	13.771091	4.6308465	296000	7.748604e-10	4.08442	-0.015092497	-0.5573704	0.47554758	0.007876423	0.11425	79.0	681.7253005504608
74	104.57441	5.227209	113.54537	100.6157	1000.0	10.267467	1.5779672	15.151617	5.5904	300000	7.152557e-09	2.3371	-0.014896149	-0.2985983	0.45698375	0.007900604	0.11525	79.0	691.0244631767273
75	109.34843	7.120052	117.27287	97.84842	1000.0	10.811656	1.4653167	14.974422	4.984029	304000	1.34706495e-08	1.8753824	-0.017621493	-0.35437822	0.45024407	0.013762489	0.1115	79.0	699.755038022995
76	114.41506	7.2060723	122.31334	102.856476	1000.0	11.314091	1.477327	15.468244	6.6637106	308000	-1.013279e-08	2.5504231	-0.01523914	-0.30699158	0.43980706	0.008269342	0.11225	79.0	710.4353830814362
77	113.17925	6.398702	120.78692	106.17432	1000.0	11.664294	1.494189	15.854589	6.5388637	312000	9.536744e-10	2.102258	-0.016267108	-0.088835	0.4240873	0.012391462	0.12275	79.0	720.2379915714264
78	65.066666	94.702576	127.519714	-98.58346	786.75	10.953938	7.97528	15.831652	-68.44901	316000	3.6358834e-09	65.03545	-0.0125965355	-48.316376	0.39970055	0.015333312	0.14375	25.0	728.34592461586
79	116.67368	2.1679456	120.289665	114.88389	1000.0	11.775666	3.111663	16.024122	-55.09421	320000	-1.6212464e-08	8.440063	-0.017791517	-6.741342	0.4036486	0.0076805516	0.12675	79.0	737.7898006439209
80	121.639404	6.8580656	131.93846	112.82728	1000.0	12.390337	1.588197	16.643389	5.8870068	324000	1.0728836e-09	1.992139	-0.016816985	-0.10203624	0.38274792	0.010353633	0.10425	79.0	748.2284302711487
81	67.329735	97.258064	127.39098	-100.94308	781.25	11.222047	9.076019	16.286333	-69.13987	328000	8.8214875e-09	35.519897	-0.016843278	-19.139053	0.3739216	0.012256059	0.1515	79.0	758.3060238361359
82	67.903175	97.03259	125.246376	-100.145195	799.5	10.391778	12.041613	16.70222	-74.82955	332000	-6.9737434e-09	22.938854	-0.0052151014	-15.520256	0.37355164	0.016307145	0.255	4.0	766.032799243927
83	40.5482	92.09113	121.963455	-96.23351	720.4	9.633284	13.933307	17.087404	-75.55008	336000	-1.2159347e-08	57.243702	-0.0071097724	-25.367416	0.3738643	0.015364065	0.16675	7.0	773.7953259944916
84	55.717445	89.117455	124.80499	-95.58186	779.5	4.969861	17.987782	15.867003	-77.85823	340000	-9.059906e-09	193.22623	-0.0061901803	-157.39557	0.37404454	0.019922234	0.235	5.0	781.245187997818
85	109.4772	11.09763	123.264465	93.062996	1000.0	12.040628	1.9742825	16.384375	-4.5381927	344000	1.0251999e-08	3.6826897	-0.014142431	-1.3159626	0.37353313	0.009775899	0.1015	79.0	790.6248953342438
86	120.533745	4.4344172	127.85982	116.013016	1000.0	11.540729	1.6134416	15.776321	4.1550717	348000	-6.437302e-09	1.9926894	-0.018055994	-0.75515807	0.3711767	0.009013287	0.1035	79.0	800.5626604557037
87	121.57301	3.9476247	125.172386	114.89697	1000.0	12.315948	1.5262347	16.33485	5.4503384	352000	3.0994416e-09	2.0458457	-0.01755114	-0.1676656	0.3692107	0.011133196	0.12625	79.0	809.8039011955261
88	122.09486	9.648028	130.55379	106.81415	1000.0	12.42034	1.5415245	16.55269	4.842037	356000	1.9073487e-09	2.1514535	-0.014246054	-0.12617016	0.3547084	0.015044767	0.124	20.0	818.0176603794098
89	120.9182	4.9112906	127.57032	116.02612	1000.0	12.66134	1.5684539	16.529198	5.221051	360000	-5.9604646e-09	1.2903664	-0.01735414	-0.027725816	0.34783694	0.009788977	0.12325	79.0	827.747964143753
90	127.20703	2.6847908	131.63058	124.418495	1000.0	12.70849	1.6118605	16.476337	5.982347	364000	2.4318695e-08	1.6110762	-0.018387865	-0.19231379	0.3391635	0.011263354	0.1055	79.0	838.7343285083771
91	125.37885	6.3251495	132.81668	115.37831	1000.0	12.921612	1.4452931	16.811209	6.573546	368000	4.1246413e-08	1.3846931	-0.017166873	-0.07169652	0.3253736	0.0069940356	0.12575	79.0	848.9643061161041
92	130.21838	1.7849381	133.14687	128.64944	1000.0	13.078406	1.5630417	16.996855	5.9441295	372000	2.503395e-09	1.4165832	-0.0191272	-0.16671264	0.31939965	0.01120735	0.1465	79.0	858.1582045555115
93	99.24138	61.664925	137.69371	-7.4279046	958.75	12.260875	9.9173155	17.284027	-81.189865	376000	-2.1457671e-09	58.943714	-0.0062048105	-33.834923	0.30494383	0.017761385	0.2195	8.0	867.8017685413361
94	136.42642	5.0056553	140.72755	127.992096	1000.0	11.70032	6.0131397	16.357586	-70.68742	380000	1.4305115e-09	43.57164	-0.013975191	-9.003632	0.30515674	0.015074922	0.154	39.0	876.5215466022491
95	133.3057	5.5844045	136.99548	123.651184	1000.0	12.674859	2.226098	16.622744	-22.467777	384000	-1.2241304e-08	7.317859	-0.016480733	-5.118041	0.30273828	0.010742568	0.14775	79.0	886.5223617553711
96	126.30358	6.3759484	135.06148	119.93874	1000.0	13.513357	1.5770234	17.652575	-8.682949	388000	2.1457673e-08	2.5788968	-0.0134075545	-0.42836404	0.30229822	0.015048148	0.10975	44.0	895.3061103820801
97	138.98668	5.434391	146.83934	132.24483	1000.0	13.263322	1.6379457	17.023664	6.870283	392000	6.9141386e-09	2.3733554	-0.017476914	-0.7846434	0.29999226	0.011074308	0.124	79.0	905.0943887233734
98	105.5091	57.156788	142.70755	6.7650785	942.0	12.753016	10.273581	18.826944	-81.70472	396000	-1.4305115e-09	43.0446	-0.0065104407	-20.51878	0.28489605	0.017082775	0.2395	4.0	913.176766872406
99	134.8548	10.073888	146.81718	120.67728	1000.0	13.251172	1.3667699	15.212904	-10.852423	400000	-2.026558e-08	2.799689	-0.0031204103	-0.965453	0.28469858	0.016122138	0.25275	3.0	921.113657951355
100	136.71094	5.1350884	140.65912	128.11256	1000.0	13.726354	1.4373626	17.238401	7.6105785	404000	-1.1324882e-08	2.43863	-0.017889353	-0.33335853	0.28467974	0.014655565	0.1375	79.0	931.2255666255951
101	137.91911	4.8130703	146.09303	134.268	1000.0	14.131209	1.607096	17.75339	7.947198	408000	2.6404857e-08	1.4234902	-0.017033478	-0.035597563	0.27883253	0.008523172	0.108	79.0	941.0128953456879
102	135.74883	2.0130897	137.68727	132.91629	1000.0	14.1013775	1.8108127	17.914715	-29.285732	412000	1.3232231e-08	2.1300173	-0.015460424	-0.5942905	0.2722241	0.010513597	0.14225	79.0	949.9869287014008
103	142.4978	5.005556	147.98601	134.46321	1000.0	14.143734	1.6602468	17.893192	10.165392	416000	4.768372e-10	1.6817439	-0.017647693	-0.22978902	0.26554063	0.006887457	0.1265	79.0	960.6790242195129
104	144.439	5.372694	152.12956	137.75777	1000.0	14.648124	1.6763452	18.517138	10.0755005	420000	-2.8133393e-08	2.4337795	-0.022361018	-0.15661168	0.24909371	0.012985252	0.13925	79.0	971.4738864898682
105	131.60103	6.4437594	142.09375	125.328865	1000.0	14.669092	2.0185783	18.614836	-24.973066	424000	5.841255e-09	4.782779	-0.0111544905	-1.9279277	0.24682298	0.015079405	0.16225	13.0	979.6418151855469
106	87.771324	110.16427	164.83514	-101.95692	779.25	12.827166	10.171859	17.769178	-84.02256	428000	8.3446505e-10	43.439007	-0.01017528	-31.672508	0.24382906	0.016237732	0.18475	9.0	987.6280093193054
107	31.61434	116.92878	155.92482	-93.64312	582.5	10.019822	17.748756	18.826298	-84.680115	432000	-8.106232e-09	87.739395	-0.0033215221	-33.81048	0.24230455	0.016769843	0.25325	4.0	996.9108684062958
108	-7.779236	115.78057	152.34477	-100.32339	452.875	4.1067758	25.018421	17.39361	-87.718506	436000	9.536743e-09	70.94236	-0.003344816	-23.704948	0.24208432	0.015881265	0.22475	2.0	1005.3067419528961
109	131.79514	10.33443	146.05688	116.991425	1000.0	13.953464	3.7417598	17.839565	-22.173115	440000	4.5895576e-09	13.965779	2.8641223e-05	-11.666879	0.24201338	0.015529611	0.21475	2.0	1013.5907638072968
110	136.00546	2.8020558	140.66702	133.30185	1000.0	13.933426	1.8391217	17.369303	7.994324	444000	-7.510185e-09	2.609839	-0.018698437	-0.32423902	0.24190946	0.01515589	0.1295	76.0	1022.7782597541809
111	148.44623	5.6777997	154.05017	139.46552	1000.0	14.339925	2.0284417	21.306221	9.828485	448000	5.6028364e-09	3.389383	-0.017521765	-1.0348628	0.22686741	0.011067892	0.12575	79.0	1031.8633716106415
112	136.78381	7.5379033	146.04666	128.87634	1000.0	14.930643	2.0140038	21.227333	9.883806	452000	6.556511e-09	1.9582721	-0.021181427	-0.602414	0.22171484	0.0107491035	0.16575	79.0	1041.3423285484314
113	147.46967	8.175998	154.1444	133.61406	1000.0	14.216481	2.0106292	21.238155	4.9186378	456000	1.4513731e-08	3.3619804	-0.021335864	-0.545599	0.20520025	0.010788714	0.1515	79.0	1050.9477865695953
114	86.11617	110.33693	159.42528	-104.713394	823.25	12.159074	13.93394	22.132477	-89.718315	460000	5.2452087e-09	44.92762	-0.007042995	-29.054188	0.18834215	0.015195329	0.2105	11.0	1059.3184831142426
115	145.23387	11.678996	160.64133	129.46214	1000.0	15.192767	2.1403894	20.919712	-0.42672896	464000	-7.2717667e-09	3.6800733	-0.0044269525	-0.84551764	0.18932937	0.017092643	0.151	3.0	1067.4632587432861
116	153.75928	11.04619	169.55711	139.09908	1000.0	15.06329	2.282845	20.959965	9.679182	468000	6.7949295e-09	2.768571	0.0011643055	-0.6610639	0.18961084	0.016223118	0.22125	2.0	1075.7044341564178
117	83.84367	105.796036	162.59119	-98.14491	780.0	14.35475	10.194856	21.4483	-87.8656	472000	1.5318394e-08	42.4037	-0.0056429747	-27.174858	0.18976156	0.018826105	0.28075	4.0	1083.578332901001
118	153.97908	7.0434594	160.71834	144.16365	1000.0	15.507513	2.8714938	23.75805	-27.296783	476000	-1.7642975e-08	4.4939117	-0.0095848655	-2.5371928	0.18969616	0.0151356105	0.1625	15.0	1091.8729310035706
119	146.32404	10.919635	160.34799	132.42714	1000.0	14.902914	4.7860804	21.635052	-32.661743	480000	-9.298325e-09	16.12485	-0.0066251727	-12.822109	0.1875739	0.016747905	0.23475	8.0	1099.6721346378326
120	92.80551	105.01808	155.68416	-89.07395	782.0	14.387605	10.175008	23.144218	-88.14416	484000	-1.5974045e-08	56.448917	-0.004491546	-17.257778	0.18646182	0.017503992	0.2405	3.0	1107.5145728588104
121	110.58052	85.18932	165.57896	-36.727207	875.25	14.165332	10.441832	18.82996	-89.52734	488000	0.0	76.59238	-0.004119069	-26.665688	0.18655394	0.015053591	0.19025	4.0	1116.0185527801514
122	119.72592	71.96908	171.88734	-4.233315	907.75	13.826095	10.453207	21.325697	-89.6313	492000	-7.629395e-09	61.44986	-0.0065081017	-15.520409	0.18682262	0.017503297	0.27325	5.0	1124.6206502914429
123	163.10382	4.668757	169.65056	156.50069	1000.0	14.580262	3.8509765	22.529211	-23.16926	496000	1.4305115e-09	17.906937	-0.016993737	-15.522011	0.1869286	0.009041302	0.13225	79.0	1134.9345843791962
124	159.04733	7.8636975	169.41531	148.47958	1000.0	16.812902	2.263094	23.051443	-0.958959	500000	-9.6559525e-09	2.7563486	-0.022098834	-0.6206515	0.16562761	0.01247729	0.1655	79.0	1144.7237622737885
125	164.2431	11.104235	178.7614	152.11522	1000.0	16.423515	2.3418074	22.704344	0.34720564	504000	-5.722046e-09	2.791996	-0.01897893	-0.3337295	0.1499975	0.010306874	0.123	79.0	1155.580813407898
126	162.12085	4.862307	168.80219	156.15173	1000.0	16.70655	2.2032025	22.578476	8.716942	508000	1.0251999e-08	2.0911255	-0.018805545	-0.074203014	0.14203872	0.009947477	0.11225	79.0	1167.785126209259
127	170.549	7.150377	180.80211	162.68321	1000.0	16.972086	2.1186535	22.65487	12.034781	512000	1.2874604e-08	1.980297	-0.019008234	-0.17986679	0.13976993	0.011918869	0.12575	79.0	1179.2339172363281
128	168.18857	10.490245	180.66888	153.14696	1000.0	17.235655	2.1492014	22.724834	12.437884	516000	1.2874604e-08	2.5281177	-0.022267308	-0.06910348	0.1303162	0.012996112	0.1635	79.0	1188.4329724311829
129	171.31145	5.973454	179.62207	162.76288	1000.0	17.51513	2.2037394	23.131731	10.411957	520000	-5.1259996e-09	1.9946469	-0.020847684	-0.14668894	0.10328605	0.009603723	0.1245	79.0	1198.0763857364655
130	168.59221	12.06896	185.76654	153.0331	1000.0	17.544788	2.2486753	23.48608	12.136223	524000	1.4305114e-08	3.4277103	-0.019406807	-0.22606134	0.09702058	0.010686027	0.1125	79.0	1208.19380068779
131	180.98323	5.5869894	187.83598	173.96954	1000.0	17.722157	2.3029127	23.409412	12.568158	528000	1.6212464e-08	2.30673	-0.023228785	-1.0933572	0.08429191	0.0145283425	0.161	79.0	1217.8061628341675
132	180.16492	7.811403	193.2779	174.0586	1000.0	18.43096	2.186582	24.131409	13.870551	532000	7.867813e-09	1.5658554	-0.021854172	-0.11123359	0.07265773	0.0110398065	0.14325	79.0	1227.6478235721588
133	177.78392	9.678722	190.2563	166.28668	1000.0	18.356028	2.1856375	23.583117	13.58116	536000	7.152557e-09	2.1242936	-0.020535396	-0.10261178	0.05883489	0.009449275	0.141	79.0	1237.6406209468842
134	180.30814	4.331216	186.54402	175.4398	1000.0	18.262957	2.3082783	24.028238	13.593793	540000	-1.3113022e-08	1.3995342	-0.022458829	-0.101789474	0.053194612	0.008589642	0.14225	79.0	1247.4962465763092
135	181.58737	1.6213846	182.82736	178.8132	1000.0	18.511547	2.2885292	24.393068	13.784271	544000	-2.0623206e-08	1.3901412	-0.020274786	-0.08625722	0.048157174	0.0117542185	0.135	79.0	1257.2410099506378
136	131.68062	87.52205	196.51692	-19.04498	863.25	17.442085	10.6053295	23.825457	-91.11452	548000	-6.5863133e-09	73.800415	-0.004411217	-29.183624	0.034803625	0.018611457	0.24075	3.0	1265.473827123642
137	179.54245	17.607944	195.39763	150.50069	1000.0	16.15233	7.5138717	20.759819	-43.920303	552000	-4.768372e-10	44.271572	-0.0090055065	-38.319954	0.03467614	0.018339414	0.21875	10.0	1274.2977361679077
138	175.33371	4.5837927	181.93925	170.02637	1000.0	18.443392	2.1446462	22.887062	11.401107	556000	-1.8000602e-08	1.8076991	-0.01866486	-0.499295	0.034843422	0.0071353475	0.14425	79.0	1285.1866462230682
139	179.86523	6.0549445	186.58566	170.70206	1000.0	18.200537	2.217722	23.074165	12.336408	560000	4.1246413e-08	2.9971187	-0.020472981	-0.29547715	0.023856457	0.009137989	0.13875	79.0	1294.96928024292
140	179.14584	2.307498	182.09177	176.78017	1000.0	18.522324	2.2188725	23.541325	12.619865	564000	-5.2452087e-09	1.4158076	-0.019550333	-0.11724663	0.019090861	0.008356819	0.13	79.0	1305.042772769928
141	179.84721	8.14972	185.37003	165.79652	1000.0	18.372402	2.1725664	23.199638	12.839106	568000	2.1457671e-09	1.4890583	-0.020418234	-0.12415683	0.02397369	0.009219518	0.143	79.0	1314.9882011413574
142	181.9433	3.3668134	186.22148	177.05737	1000.0	18.591055	2.1229935	23.904728	2.369634	572000	-2.6583672e-08	2.579719	-0.023363667	-0.50369	0.020761224	0.0126299355	0.1575	79.0	1324.451568365097
143	188.9989	5.901543	196.02327	181.57698	1000.0	19.32751	2.1252325	23.366434	12.379656	576000	-2.157688e-08	1.3130859	-0.011285608	-0.15208757	0.01287219	0.01644138	0.1835	13.0	1332.8176565170288
144	182.40944	4.536801	187.61467	177.71024	1000.0	19.17755	2.258332	24.179049	12.629655	580000	8.404255e-09	2.473632	-0.023121772	-0.23086262	0.011764956	0.011437324	0.14475	79.0	1342.5687115192413
145	182.01927	4.661929	187.89557	174.85947	1000.0	18.81445	2.2845688	23.784718	11.826387	584000	-1.4185906e-08	2.2862415	-0.02359846	-0.3015114	-0.0091178985	0.012374367	0.1715	79.0	1352.2231724262238
146	186.72304	7.916608	200.0066	179.56023	1000.0	18.918509	2.3126345	23.96628	13.457369	588000	-2.8371812e-08	2.8281558	-0.021068236	-0.22057295	-0.019943325	0.0063565294	0.15325	79.0	1361.5092959403992
147	186.99525	9.127158	196.7961	175.55176	1000.0	19.119822	2.4028835	24.168816	13.200476	592000	-1.1444092e-08	2.0195105	-0.019308286	-0.12034333	-0.027341006	0.008746434	0.10825	79.0	1371.1856808662415
148	183.49217	9.509425	196.27979	170.01477	1000.0	19.12937	2.489069	24.244085	13.245527	596000	3.732741e-08	2.0247686	-0.02109669	-0.31378078	-0.03495749	0.014159626	0.14225	79.0	1380.7793219089508
149	192.26431	4.34852	198.4086	186.30762	1000.0	18.978168	2.5316327	23.881979	-23.933704	600000	-3.9339065e-09	3.4123127	-0.016858619	-1.9007583	-0.040222496	0.013686493	0.149	79.0	1390.4957823753357
150	190.15726	3.3634346	195.642	186.80423	1000.0	19.713129	2.4681342	24.207438	13.226056	604000	1.6689301e-09	2.1399338	-0.018807504	-0.16145897	-0.055557713	0.010495827	0.15725	79.0	1400.2379598617554
151	189.87286	3.7536008	196.06868	186.11978	1000.0	19.583584	2.2957509	24.164663	13.014485	608000	9.536744e-10	1.6335382	-0.008553418	-0.15731704	-0.064265326	0.016185794	0.15725	8.0	1408.182939529419
152	208.76918	8.486636	216.85742	195.73825	1000.0	20.4845	2.3559487	24.377823	13.465	612000	-3.0994416e-09	2.2513344	-0.020563357	-0.8822365	-0.06490047	0.00655146	0.13675	79.0	1418.1783657073975
153	199.71466	9.218196	208.71432	185.53291	1000.0	20.860546	2.33261	25.062056	13.993423	616000	-3.1352045e-08	1.8755659	-0.022034192	-0.22944772	-0.06759308	0.008805067	0.16075	79.0	1428.449812412262
154	158.85841	73.57491	203.92848	31.453823	921.0	19.736027	9.311738	24.688257	-89.824684	620000	6.556511e-10	93.00065	-0.0017763884	-64.236664	-0.07813301	0.016102055	0.2395	2.0	1435.911143541336
155	201.40248	7.918916	212.4589	191.63853	1000.0	19.422382	3.4769614	23.91592	-25.769796	624000	-1.2397766e-08	14.527149	-0.0093650585	-9.508135	-0.078334086	0.016019471	0.1495	13.0	1443.7117309570312
156	196.32344	3.9583952	200.73253	191.00703	1000.0	20.366468	2.0623426	24.077448	14.364068	628000	2.2649764e-09	1.4636949	-0.0088824695	-0.3525083	-0.07944324	0.015146227	0.1395	9.0	1452.172257900238
157	187.29941	6.3367434	194.84286	177.48877	1000.0	19.945192	2.2625432	24.25528	13.777546	632000	-2.0861626e-09	1.9839876	-0.022632698	-0.44946527	-0.08031589	0.0124270655	0.14175	79.0	1461.7276937961578
158	118.145935	121.53303	194.09918	-92.259254	780.75	18.520107	9.653292	24.428102	-90.922295	636000	-5.00679e-09	74.89801	-0.0054993425	-49.157852	-0.09657953	0.017709631	0.207	2.0	1469.4908511638641
159	193.62697	4.8713117	197.9464	185.71162	1000.0	19.01555	4.010015	24.084995	-36.049587	640000	-1.6450882e-08	14.883006	-0.006219325	-13.687244	-0.09677053	0.01593788	0.22025	8.0	1477.116338968277
160	194.62715	5.8183455	201.8857	187.63705	1000.0	19.975883	2.211905	24.268063	13.112084	644000	-4.2915346e-08	1.1733105	-0.02017586	-0.12402582	-0.09714331	0.0073732864	0.1285	79.0	1486.6649761199951
161	203.77194	8.741314	214.94763	190.42387	1000.0	20.399721	2.481639	24.744312	-24.84005	648000	-1.7106533e-08	3.5097148	-0.011213852	-2.0236788	-0.10787639	0.015113382	0.16975	29.0	1494.8993287086487
162	203.78513	8.419517	214.01787	193.59328	1000.0	20.686323	2.1253042	24.820442	14.102947	652000	-6.6757204e-09	1.6093578	-0.020543708	-0.19299936	-0.11610976	0.013031154	0.1535	79.0	1504.5660786628723
163	202.68661	8.441897	215.2115	193.05122	1000.0	20.99004	2.3944235	25.592733	14.534605	656000	-8.34465e-09	1.754985	-0.019150088	-0.17960548	-0.12254341	0.008498531	0.12675	79.0	1515.0556366443634
164	163.56346	64.72266	201.17561	51.46091	958.0	19.60485	9.688521	25.215574	-92.119804	660000	-1.4662743e-08	94.7525	-0.013891165	-65.541	-0.1268401	0.015888548	0.18825	20.0	1524.4299709796906
165	203.67252	7.6883574	214.1007	192.39232	1000.0	19.735195	2.473623	24.114468	-5.968335	664000	2.8014183e-08	2.992409	-0.020134859	-1.6343516	-0.12927449	0.006918066	0.13925	79.0	1533.8663351535797
166	199.23651	8.743891	212.5226	188.69687	1000.0	20.66383	2.2489028	24.473738	-11.297121	668000	-1.9550324e-08	2.0044477	0.00049633696	-0.33845103	-0.13898864	0.015295766	0.26875	2.0	1541.4421632289886
167	205.84705	5.8367195	211.76846	196.65529	1000.0	20.811104	2.2123094	24.6384	4.3276825	672000	3.1352045e-08	1.4446065	-0.020045727	-0.32065094	-0.13902883	0.011775873	0.14125	79.0	1550.801385641098
168	207.56487	4.686782	212.51497	201.96223	1000.0	21.333342	2.1051936	25.143446	14.783068	676000	2.1457671e-09	1.4993359	-0.02103575	-0.081617594	-0.15316729	0.009275783	0.1395	79.0	1559.9866642951965
169	173.46149	44.38372	208.92287	97.393135	996.25	20.568356	8.784811	25.619343	-91.421104	680000	2.026558e-08	107.561226	-0.004485897	-47.087826	-0.16694805	0.017065085	0.25575	3.0	1567.7305006980896
170	210.61813	9.9541	219.19907	194.68814	1000.0	19.213356	1.8598636	22.075611	9.688859	684000	3.1471252e-08	7.2590647	-0.010649916	-5.3341875	-0.16711718	0.015082977	0.1505	12.0	1575.6203126907349
171	199.75716	1.8342494	201.28906	196.75966	1000.0	21.152916	2.2070544	24.92995	16.086557	688000	-5.841255e-09	1.4750673	-0.023154182	-0.4052484	-0.16697752	0.008492763	0.1645	79.0	1584.6679472923279
172	151.30455	83.095665	210.19951	7.919101	906.25	19.187737	11.805549	24.839108	-93.35597	692000	-9.3579295e-09	78.77694	-0.006044496	-29.082096	-0.18416312	0.015540588	0.2265	4.0	1591.6141390800476
173	169.58768	56.88752	204.186	71.0826	987.75	17.481926	11.551928	25.590145	-92.21697	696000	2.7894973e-08	75.01852	-0.0039281864	-21.186752	-0.18459748	0.016274204	0.1885	2.0	1600.615981578827
174	198.43555	4.474424	204.99008	192.99702	1000.0	18.949099	2.8280995	26.462511	-37.41359	700000	4.768372e-10	7.388123	-0.011409037	-5.6496654	-0.18485868	0.015205374	0.16	21.0	1608.7264895439148
175	138.56854	123.52177	215.4155	-75.18211	806.0	19.619728	9.982254	27.638365	-94.85412	704000	-2.324581e-08	102.0646	-0.0026531783	-31.364456	-0.18517278	0.021191753	0.286	3.0	1616.363954782486
176	206.34529	5.1685257	212.33704	198.66357	1000.0	20.06683	2.3443873	26.339909	-22.360909	708000	-4.7683715e-09	3.8545125	-0.017907996	-2.4938667	-0.1850427	0.015272688	0.12925	74.0	1625.6228415966034
177	203.40662	5.0730643	209.74805	195.83755	1000.0	20.785515	2.0339928	25.80079	13.896718	712000	-6.6757204e-09	1.3456409	-0.010687776	-0.3205185	-0.19054286	0.015175653	0.14975	11.0	1633.4189629554749
178	206.80336	5.8339467	212.79826	197.54407	1000.0	21.095016	2.1529198	27.15404	14.594032	716000	1.8000602e-08	1.2978742	-0.023758369	-0.11964214	-0.19176744	0.013246177	0.15675	79.0	1642.4814162254333
179	204.91103	5.9787636	211.72987	195.29866	1000.0	21.147661	2.1902492	27.067934	12.533384	720000	-3.4809112e-08	2.0691164	-0.021334589	-0.17778206	-0.20241806	0.011248496	0.1585	79.0	1651.876456975937
180	157.41597	79.56918	209.54018	19.757008	914.5	20.052046	10.774906	27.3854	-91.88764	724000	1.1980534e-08	78.69579	-0.0040289606	-22.992805	-0.21697244	0.01694298	0.27625	3.0	1659.7787685394287
181	200.39261	7.0383463	210.10205	190.51042	1000.0	19.210634	2.9031703	23.497868	-32.248787	728000	-4.053116e-09	7.680636	-0.00808473	-5.6388245	-0.21714829	0.015502105	0.1525	13.0	1666.9959840774536
182	209.72992	8.17965	223.5876	203.55786	1000.0	20.580774	2.008632	25.1786	14.663947	732000	1.001358e-08	3.0566866	-0.02025157	-1.6736461	-0.21705681	0.0068664504	0.12175	79.0	1676.532100200653
183	207.41371	11.37805	220.009	195.15009	1000.0	21.222446	2.2139084	26.551676	15.002468	736000	-4.9591065e-08	1.6878909	-0.019456577	-0.11643243	-0.22987656	0.01133865	0.13325	79.0	1686.1155259609222
184	201.47484	5.3569784	207.98991	193.34839	1000.0	21.219036	2.6346262	27.750698	-16.828583	740000	-2.3841857e-09	3.5289195	-0.0159213	-1.6257694	-0.24054776	0.004245839	0.125	79.0	1695.5158784389496
185	204.83011	5.6958504	213.88687	198.42656	1000.0	20.948895	2.3804147	26.942688	15.406435	744000	-6.0796737e-09	2.3256423	-0.009785634	-0.27585125	-0.25331885	0.015085395	0.2	11.0	1703.2806277275085
186	136.3965	131.32036	220.8028	-90.62667	781.75	20.436867	10.112386	26.935867	-91.97502	748000	-8.5830685e-09	76.12908	-0.004160605	-60.980568	-0.25648788	0.015091238	0.27725	5.0	1710.9062948226929
187	154.71439	98.826515	219.64261	-16.11884	862.25	20.234743	10.425119	25.638521	-93.06302	752000	-1.1205673e-08	84.404076	-0.0015342531	-31.90393	-0.25764686	0.015520866	0.211	3.0	1718.4480640888214
188	207.5351	3.3557663	211.9829	203.36662	1000.0	19.714582	3.1712284	24.606367	-36.843483	756000	-1.1205673e-08	9.075194	-0.015909066	-8.01902	-0.25790048	0.0150448065	0.2025	69.0	1727.5741801261902
189	213.07944	8.270379	222.10103	204.04018	1000.0	21.379526	2.5181444	25.873743	-21.296562	760000	1.5735626e-08	3.465723	-0.0028074007	-2.1515937	-0.27835476	0.01606828	0.2145	3.0	1735.297822713852
190	210.5588	8.10125	217.78317	196.81584	1000.0	21.918867	2.3223908	27.56909	15.119545	764000	-1.9788741e-08	1.1882538	-0.020852376	-0.096639276	-0.2788882	0.013109278	0.14	79.0	1745.484429359436
191	129.36734	129.11874	210.74202	-93.819176	781.25	20.111828	11.154563	26.887562	-93.61465	768000	2.2649764e-09	45.90716	-0.009273477	-31.173096	-0.28422067	0.015756132	0.189	13.0	1753.5119051933289
192	127.85744	126.43169	209.97006	-90.80186	780.75	19.01982	11.845964	26.07631	-93.55915	772000	-3.8146974e-09	29.391876	-0.00445945	-13.298056	-0.284394	0.016515315	0.211	2.0	1760.9723391532898
193	207.59187	9.256732	221.36714	197.3869	1000.0	20.73277	3.4112086	26.156237	-19.788282	776000	-1.7285346e-09	8.452098	-0.017832525	-6.800289	-0.28431928	0.01391136	0.17175	79.0	1769.9143028259277
194	205.03346	7.9767003	214.13626	192.56633	1000.0	21.486567	2.439318	27.200796	13.8817215	780000	-2.1457673e-08	1.5662519	-0.021462025	-0.13832808	-0.29323334	0.009821633	0.1505	79.0	1779.226634979248
195	209.05353	4.7240148	215.20187	201.91684	1000.0	21.301285	2.2743235	27.094658	13.947949	784000	-6.198883e-09	1.4471037	0.0025134454	-0.106241226	-0.30256656	0.023960793	0.29175	2.0	1786.9337842464447
196	198.40628	5.489149	206.52849	191.42664	1000.0	21.356073	2.3906176	26.686098	14.455149	788000	-3.838539e-08	2.297683	-0.021418747	-0.58683157	-0.30260172	0.011353513	0.1455	79.0	1796.3348350524902
197	107.33579	124.673546	213.66537	-88.32651	757.0	17.9733	16.00173	27.22846	-95.60263	792000	4.053116e-08	138.8189	-0.00439991	-77.98007	-0.29964614	0.015659312	0.257	3.0	1803.96191239357
198	209.3534	4.7527885	217.27065	204.6597	1000.0	19.094763	4.113791	23.962437	-32.76281	796000	-2.157688e-08	18.553125	-0.001956367	-17.070475	-0.299711	0.018229347	0.287	3.0	1811.477703332901
199	200.69101	7.7388225	211.10666	189.71825	1000.0	20.155409	8.979788	26.397532	-86.756546	800000	3.218651e-09	59.338436	-0.0035565787	-16.705772	-0.29967603	0.01767101	0.25825	3.0	1818.3197810649872
200	199.23917	4.193557	205.45154	195.27872	1000.0	19.459347	2.9834461	26.350325	-21.695644	804000	2.8848648e-08	4.8374643	-0.017418541	-2.7049205	-0.29939502	0.012941398	0.12525	79.0	1827.6487843990326
201	209.09927	1.7645931	211.959	207.2159	1000.0	20.81791	2.4664047	26.550621	-4.440327	808000	-1.6212464e-08	2.0287728	-0.01903648	-0.49718952	-0.30217317	0.0072522	0.11925	79.0	1837.8512732982635
202	211.31598	5.073701	217.08171	204.50058	1000.0	21.502695	2.4314582	27.679604	7.972352	812000	5.4836273e-09	1.5736172	-0.021949744	-0.25209796	-0.3154878	0.009663609	0.168	79.0	1847.665905714035
203	202.58374	8.668694	211.8559	192.90953	1000.0	21.371008	2.4914832	26.8095	14.125774	816000	-9.536743e-09	1.0482115	-0.023314808	-0.1447053	-0.32207116	0.011152917	0.16525	79.0	1857.2840037345886
204	206.76544	10.243825	217.55528	190.788	1000.0	21.091848	2.4373465	26.877106	13.097807	820000	1.9073487e-09	1.3489124	-0.023747608	-0.08999908	-0.3345064	0.012848549	0.16475	79.0	1866.4082493782043
205	203.21252	6.0001373	208.5474	193.57948	1000.0	21.26186	2.3921275	27.477468	14.435681	824000	-1.1920929e-08	1.20522	-0.02204673	-0.05854392	-0.34812707	0.00971324	0.154	79.0	1876.1193368434906
206	206.9431	2.2204864	209.46886	203.43681	1000.0	21.219421	2.4634485	27.092041	14.289487	828000	1.6689301e-09	1.5999326	0.0003109541	-0.087549925	-0.36455774	0.016677476	0.18275	2.0	1883.6496834754944
207	199.3136	8.0165415	208.06842	186.3811	1000.0	21.016329	2.422461	26.869064	14.933152	832000	-2.336502e-08	2.107896	-0.0028369478	-0.251899	-0.36468953	0.0156134805	0.19525	3.0	1891.7094371318817
208	217.0559	9.617119	227.48615	201.34415	1000.0	21.272928	2.2393465	26.446074	14.691689	836000	3.4868716e-08	2.7546868	-0.019816818	-1.1776329	-0.36513022	0.009666124	0.12925	79.0	1900.3023614883423
209	178.64929	59.19122	221.31984	76.76863	966.25	21.04679	10.239156	27.374605	-85.893425	840000	1.2874604e-08	80.94689	-0.0040054773	-47.547962	-0.3718045	0.015988382	0.2225	3.0	1907.9811027050018
210	219.33923	5.4260263	228.32106	214.82336	1000.0	19.97619	5.531085	23.602194	-29.485123	844000	9.059906e-09	41.852837	-0.0036081262	-40.205097	-0.37195304	0.018421352	0.30975	3.0	1915.5803036689758
211	214.69032	5.529442	218.72517	205.2041	1000.0	22.116488	2.245353	25.451342	15.697274	848000	2.3841858e-08	1.2829993	-0.022324655	-0.15199506	-0.37217364	0.012969849	0.16	79.0	1924.4798159599304
212	211.67818	3.5540707	216.25447	207.53801	1000.0	21.777506	2.352585	25.599682	-16.002457	852000	1.8715859e-08	1.9651662	-0.016387772	-0.6691059	-0.38461277	0.008248823	0.117	79.0	1933.471748828888
213	213.47462	2.284057	216.09166	209.81	1000.0	21.859684	2.2574024	25.514507	15.243171	856000	1.257658e-08	1.3992516	-0.0057778885	-0.09600699	-0.38607433	0.015188767	0.187	7.0	1941.1041312217712
214	208.72905	9.3930235	219.13821	197.35486	1000.0	21.546383	2.197635	25.631771	15.097026	860000	9.059906e-09	1.6777679	-0.019606082	-0.06784046	-0.38698602	0.011157107	0.13375	79.0	1950.2207124233246
215	207.76773	2.091981	210.20605	204.47449	1000.0	21.419739	2.2327416	25.65229	14.636298	864000	5.185604e-08	1.7566136	0.003263282	-0.15632093	-0.39035815	0.021273892	0.27225	2.0	1957.81028175354
216	215.63788	9.753287	230.98386	204.9817	1000.0	21.955875	2.1586332	26.149166	14.618304	868000	3.385544e-08	1.6499702	-0.022551116	-0.16284192	-0.39045018	0.009634238	0.15525	79.0	1967.6098592281342
217	210.60123	5.1392465	215.86375	204.22174	1000.0	22.04236	2.3257208	27.443048	14.760918	872000	-1.4424324e-08	1.2878816	-0.02205099	-0.18916547	-0.38660833	0.011159083	0.15625	79.0	1978.34681558609
218	207.69398	11.551111	223.83008	191.18097	1000.0	21.828547	2.4589987	26.586323	14.822707	876000	2.360344e-08	1.7511399	-0.0009931216	-0.24903226	-0.39811304	0.015739448	0.202	2.0	1985.5493755340576
219	181.61005	60.719887	219.90002	76.56928	973.75	19.901913	12.46451	26.872915	-95.37321	880000	3.0994414e-08	59.83765	-0.0036663297	-12.877323	-0.398215	0.015446724	0.27825	5.0	1993.0815074443817
220	216.59224	6.0035543	222.74846	206.74646	1000.0	20.520285	2.7610765	25.810125	-31.05162	884000	-6.9141386e-09	5.805578	-0.017152337	-4.077836	-0.39824244	0.014380699	0.1505	79.0	2002.190541267395
221	213.67598	5.7884245	223.02226	208.14824	1000.0	22.09151	2.475726	26.767107	6.998584	888000	3.886223e-08	1.6860625	-0.022837298	-0.25433624	-0.40489396	0.010524261	0.179	79.0	2011.1542637348175
222	220.22903	4.757669	227.27846	215.13493	1000.0	22.458942	2.4149883	27.005684	15.043125	892000	-3.6478042e-08	1.563234	-0.021853218	-0.19274402	-0.4200625	0.014711783	0.1625	79.0	2020.1961915493011
223	208.88036	8.367971	218.54941	198.45792	1000.0	21.912968	2.4173748	27.351109	15.181136	896000	3.5405158e-08	1.8513684	-0.020631256	-0.22199857	-0.4195711	0.006324232	0.137	79.0	2029.7049572467804
224	213.43025	5.763732	221.49367	206.21645	1000.0	21.905626	2.4771264	27.079563	14.699108	900000	-4.2915342e-09	1.6924429	-0.02298816	-0.10016179	-0.42780015	0.011156688	0.1505	79.0	2038.2874450683594
225	211.14738	8.009652	221.80461	200.17303	1000.0	22.001667	2.4957252	27.333616	14.8946295	904000	1.168251e-08	2.7951946	0.0041154	-0.26921892	-0.4359673	0.019380456	0.274	2.0	2044.9616317749023
226	217.30968	16.209713	229.59479	189.73416	1000.0	22.18911	2.694261	27.566713	11.3310585	908000	3.0994416e-09	2.451466	-0.0209831	-0.16937709	-0.43607187	0.01525811	0.15	77.0	2053.5802257061005
227	219.3005	7.0960164	228.19939	208.367	1000.0	22.215212	2.5947096	27.370184	13.75923	912000	-5.3644182e-09	1.738449	-0.0016275386	-0.24047363	-0.43858203	0.017377213	0.2135	6.0	2061.086019039154
228	220.8159	8.004296	232.30147	211.03523	1000.0	22.360563	2.314061	27.40301	14.920035	916000	1.859665e-08	1.5330431	-0.020093475	-0.29988647	-0.4388634	0.015477985	0.15275	70.0	2070.0824143886566
229	208.4667	7.9701314	214.8057	194.81296	1000.0	22.529627	2.4604688	27.779358	15.74371	920000	5.364418e-08	3.2601945	-0.023093328	-0.9575536	-0.4380358	0.011503176	0.13625	79.0	2079.1229331493378
230	225.62381	6.3377647	232.3199	216.40865	1000.0	22.078321	2.3487058	26.969246	-8.466789	924000	-5.4359436e-08	3.4133966	-0.01950351	-1.024781	-0.44045252	0.009243086	0.1505	79.0	2088.455334186554
231	128.23195	124.10637	225.93765	-90.31216	794.4	20.577799	14.875374	27.462994	-96.13777	928000	1.37090685e-08	171.34055	-0.0067185243	-96.11726	-0.45353794	0.015344645	0.22025	8.0	2095.955910921097
232	223.25856	2.7057076	226.77356	219.29274	1000.0	20.173254	4.7256765	26.018208	-27.471052	932000	1.0251999e-08	27.573587	-0.008121378	-26.126085	-0.45316708	0.015756356	0.188	12.0	2103.6914665699005
233	222.49712	4.0941477	227.33057	216.31505	1000.0	22.665009	2.259145	28.07194	14.427568	936000	-2.861023e-09	0.9275269	-0.018731965	-0.17160666	-0.4525948	0.015116572	0.14675	27.0	2111.0888307094574
234	155.5185	125.569565	233.10732	-61.897667	812.75	21.463877	12.721316	27.60653	-95.75369	940000	-1.6152859e-08	67.494934	-0.004853501	-7.455475	-0.46650332	0.024774555	0.324	3.0	2118.8074469566345
235	222.47192	8.060005	234.31953	212.0047	1000.0	22.02561	2.3422043	24.675959	-12.518811	944000	-1.0967255e-08	4.239882	-0.011143537	-1.8611045	-0.4677357	0.016471943	0.18425	14.0	2126.416605234146
236	214.38498	3.9857957	218.85045	207.99208	1000.0	22.610516	2.3290138	27.101887	7.921941	948000	-6.079674e-08	2.0677762	-0.0026455196	-0.3581705	-0.47259814	0.016731434	0.19875	2.0	2134.0005333423615
237	217.22	2.872345	221.4066	214.08762	1000.0	22.142153	2.414048	27.39428	15.603348	952000	-1.835823e-08	3.0412605	0.0011852477	-0.4006796	-0.4732075	0.015890095	0.231	2.0	2141.599456548691
238	228.07434	10.81267	239.1442	211.39177	1000.0	23.045544	2.7027028	27.942936	-14.676075	956000	7.390976e-09	2.7418354	-0.0011319629	-0.7164097	-0.47369805	0.018851658	0.23975	2.0	2148.9429516792297
239	183.67232	83.008675	244.742	40.895836	924.5	21.978836	12.01446	28.769943	-98.76737	960000	-3.8743018e-09	87.51009	-0.0020741222	-52.42501	-0.474096	0.015287652	0.26475	3.0	2156.61003613472
240	158.03734	119.80067	234.11263	-49.21709	827.25	20.52061	12.957765	26.41845	-96.05949	964000	-1.1563301e-08	83.289955	-0.0035726342	-28.943745	-0.47448125	0.018569501	0.2645	2.0	2163.993195295334
241	227.43521	3.4950848	231.79819	222.10358	1000.0	21.549133	4.805613	26.85531	-51.18744	968000	3.671646e-08	23.093712	-0.004348721	-20.564667	-0.47469592	0.0152109675	0.21475	5.0	2171.600158929825
242	178.44128	79.22627	228.07904	41.321598	916.25	22.424026	8.628705	28.714972	-93.72301	972000	7.987023e-09	106.02737	-0.0009610691	-79.20433	-0.4750457	0.018028641	0.2105	2.0	2179.187522649765
243	225.29294	4.489132	231.77945	219.14264	1000.0	21.945953	3.408594	24.509197	-18.507172	976000	1.3113022e-08	11.278673	-0.020256447	-8.255779	-0.47519195	0.007985733	0.162	79.0	2187.7871322631836
244	228.38658	6.5013623	237.82774	219.46469	1000.0	22.711407	2.8713021	27.73333	-18.436422	980000	-1.9073487e-09	5.8613124	-0.019282179	-3.5703292	-0.49308905	0.015183392	0.184	76.0	2196.3511176109314
245	231.69124	5.528161	239.25328	223.69533	1000.0	23.690456	2.2796168	28.408228	15.25635	984000	-8.5830685e-09	2.2833378	-0.001819829	-0.29423988	-0.503428	0.015076425	0.16775	2.0	2204.2574393749237
246	150.877	138.17006	244.29234	-87.99266	778.25	22.710243	9.592828	28.221071	-92.91184	988000	-3.1352045e-08	78.017555	8.70198e-06	-43.52512	-0.5035148	0.020891817	0.29425	2.0	2211.596576690674
247	145.62233	135.38248	233.13925	-88.611595	779.0	21.398607	11.488746	29.208849	-97.25009	992000	2.360344e-08	46.213844	0.0014112305	-14.676182	-0.50364864	0.023779372	0.3095	2.0	2218.6156611442566
248	220.25984	2.1299772	222.44084	216.72763	1000.0	22.42836	3.3165905	28.94262	-25.04163	996000	-7.7486035e-09	6.1628537	-0.014740994	-4.447146	-0.50389373	0.01510823	0.1575	34.0	2227.0061099529266
249	228.5821	6.7456765	239.74557	222.52434	1000.0	22.837069	2.221427	28.137512	12.800169	1000000	1.07288365e-08	2.9855509	-0.0095314635	-0.97101045	-0.51625615	0.015759261	0.16625	13.0	2234.664042234421
250	178.7135	87.55374	244.14084	27.927057	912.25	22.303688	11.17565	28.906927	-92.44184	1004000	-9.834767e-09	86.14874	-0.003297371	-34.572914	-0.51876765	0.017573142	0.25275	5.0	2242.336691379547
251	147.02417	136.96008	232.29205	-90.10575	780.5	19.287378	14.144231	28.71479	-97.01005	1008000	-4.7683717e-08	66.01594	-0.0050592613	-50.563248	-0.519577	0.015394605	0.209	4.0	2249.7615892887115
252	233.8539	5.9974513	244.16846	229.67729	1000.0	23.27485	3.2372952	29.945671	3.029295	1012000	2.1457673e-08	5.2756367	-0.0006795273	-3.4410253	-0.5197914	0.02106822	0.276	3.0	2257.7026262283325
253	231.11377	6.434392	241.8416	225.36499	1000.0	23.881058	3.116008	29.515486	-34.14141	1016000	6.9141386e-09	6.858494	-0.0034536151	-4.905598	-0.51997566	0.017251076	0.192	3.0	2264.890679359436
254	156.26965	122.25451	237.83493	-55.15437	812.75	22.878042	10.7084875	29.154678	-92.267006	1020000	4.5895575e-08	80.43556	-0.00507419	-36.732853	-0.5202296	0.01540008	0.27925	3.0	2272.499179124832
255	148.77805	138.48515	235.0508	-90.8859	782.75	20.55153	12.498105	28.006348	-96.071655	1024000	8.106232e-09	27.42284	-0.0029032016	-16.285522	-0.5203573	0.01676467	0.241	3.0	2279.8844015598297
256	220.34106	6.6898823	224.27844	208.7547	1000.0	22.934011	3.458605	29.057093	-48.468513	1028000	-4.7683715e-09	5.9510813	0.00042073964	-4.356901	-0.52040267	0.019340195	0.2245	1.0	2287.4091720581055
257	224.78128	7.2951064	231.94557	213.39745	1000.0	23.18602	2.3463955	27.63478	14.593266	1032000	-1.9073487e-09	1.2881457	0.008980502	-0.051831722	-0.52039033	0.018837485	0.26225	1.0	2294.59778881073
258	217.33905	2.172164	220.26271	214.55368	1000.0	22.90789	2.5871413	28.242857	-8.102276	1036000	1.7642975e-08	1.9945387	0.004315306	-0.918442	-0.5203771	0.018494833	0.30275	1.0	2302.140631198883
259	221.22495	6.6408644	226.18794	209.81776	1000.0	22.34656	2.4702954	27.529766	3.7577248	1040000	-1.001358e-08	3.1695635	0.0048226574	-1.0837672	-0.5203669	0.015363046	0.21675	1.0	2309.6519827842712
260	181.31937	73.70509	227.63538	53.767715	940.0	21.741516	11.125986	29.481358	-97.73989	1044000	-6.03199e-08	86.56859	0.0012398163	-42.020805	-0.52037364	0.021384025	0.227	2.0	2317.1455841064453
261	223.3035	6.619545	233.41275	216.49475	1000.0	20.886312	5.4082713	24.909758	-64.22845	1048000	6.437302e-09	32.781197	-0.0020374751	-18.914944	-0.5204262	0.02197495	0.291	3.0	2324.4889163970947
262	147.03802	128.80492	239.41481	-74.921005	795.0	20.684742	9.547191	25.266588	-91.98545	1052000	1.5497208e-09	82.01978	-0.005276155	-38.547447	-0.52053374	0.02459039	0.30125	3.0	2331.7992539405823
263	227.57745	4.334431	233.04813	223.30995	1000.0	22.032824	4.047221	26.673128	-32.338562	1056000	-2.5272369e-08	13.720487	-0.008035937	-10.02853	-0.52058864	0.016275996	0.20525	11.0	2338.901288509369
264	223.28792	9.858678	234.46596	209.71472	1000.0	22.971413	2.4716787	27.7112	12.861901	1060000	5.2452087e-09	2.235698	-0.02427824	-0.42578876	-0.5220832	0.010126576	0.14525	79.0	2348.150577068329
265	231.38116	5.1529884	239.7245	226.6247	1000.0	23.194344	2.6278374	28.303856	-1.8659978	1064000	-1.1205673e-08	2.939803	-0.020251438	-1.1526344	-0.52460915	0.009719657	0.14525	79.0	2357.343607187271
266	229.12814	2.8097436	232.19698	225.63577	1000.0	23.808762	2.741695	28.925037	13.279308	1068000	2.002716e-08	1.5132496	0.0021757688	-0.23132694	-0.5360733	0.019702742	0.239	2.0	2364.759384393692
267	236.92896	4.2886844	242.87605	231.54701	1000.0	23.980251	2.343168	28.840221	16.025894	1072000	-1.66893e-08	2.8531103	-0.021313183	-0.5884807	-0.5360427	0.012032949	0.14225	79.0	2373.9773654937744
268	235.02682	6.4889836	241.19955	224.12698	1000.0	24.529823	2.4362683	29.508726	15.973003	1076000	6.6757204e-09	1.7216367	-0.020285223	-0.26298857	-0.5417872	0.012509108	0.16025	79.0	2383.08344912529
269	231.14938	11.73196	247.29427	218.81778	1000.0	23.740995	2.5828137	28.826162	15.647587	1080000	-1.0251999e-08	3.260941	-0.019854803	-0.29123712	-0.552437	0.013265619	0.12	79.0	2392.2838706970215
270	229.4432	12.084525	245.03137	212.19661	1000.0	24.06609	2.9528365	29.651829	15.019914	1084000	-1.6689301e-09	2.0322535	0.0007710426	-0.215796	-0.55497783	0.016223704	0.27175	2.0	2399.5943989753723
271	228.8047	8.474299	240.26558	217.8329	1000.0	23.670494	2.7528381	29.095705	14.916475	1088000	2.4318695e-08	2.0151865	-0.022703359	-0.21158671	-0.55504423	0.010572506	0.1595	79.0	2408.5001084804535
272	235.7182	10.875589	249.41707	224.76938	1000.0	23.90505	2.5732374	29.111132	16.118614	1092000	2.5689602e-08	2.2638164	-0.020652775	-0.29185367	-0.5714204	0.012503403	0.18425	79.0	2418.1798553466797
273	232.88577	5.7704434	242.74355	228.07849	1000.0	23.93211	2.8534122	29.49147	4.814386	1096000	-1.525879e-08	2.0026748	-0.023559244	-0.3380592	-0.5728082	0.0132240355	0.17475	79.0	2427.643876314163
274	226.27405	9.339403	236.0724	210.93922	1000.0	23.902546	2.6225743	29.474468	16.223093	1100000	4.7683715e-09	2.0085437	-0.02391807	-0.23568416	-0.59083533	0.012708405	0.13125	79.0	2436.558243751526
275	246.42679	9.051488	258.30374	232.90825	1000.0	24.22957	2.720739	29.87284	15.733694	1104000	1.8835069e-08	2.996787	-0.021614937	-1.2003182	-0.58132416	0.010277974	0.15075	79.0	2445.4783895015717
276	233.9328	10.003464	241.63461	216.73375	1000.0	24.957697	2.8884676	30.695515	16.155453	1108000	-6.6757204e-09	2.899347	-0.024295654	-0.72800446	-0.58810157	0.0078247655	0.15475	79.0	2454.85248875618
277	210.77496	45.017776	251.36981	134.86842	993.75	23.439861	9.863542	30.433758	-90.82522	1112000	2.2530555e-08	102.22228	-0.004544851	-58.38054	-0.59959495	0.01706945	0.26725	3.0	2462.1129834651947
278	234.98282	6.446304	239.46211	223.87459	1000.0	22.41756	4.6690426	26.293354	-59.555405	1116000	-1.692772e-08	28.26218	0.0014296416	-25.920189	-0.59986615	0.019001497	0.28	2.0	2469.5960507392883
279	234.60638	4.8939424	238.41782	226.20917	1000.0	24.023022	2.4256856	28.009449	17.314184	1120000	2.3156405e-08	2.4385538	-0.01785327	-0.37676644	-0.6001554	0.01581779	0.167	64.0	2478.421206712723
280	230.05432	11.125223	248.23837	218.16634	1000.0	23.655657	2.6215012	27.620298	7.2824545	1124000	1.1920929e-09	2.4043503	-0.023452088	-0.24640799	-0.604583	0.011608977	0.17775	79.0	2486.6955251693726
281	224.19472	9.874619	234.81839	209.01868	1000.0	23.50009	2.6142561	27.70195	17.042091	1128000	2.002716e-08	2.2568085	0.002458168	-0.32442188	-0.619131	0.020787064	0.234	6.0	2494.2769355773926
282	227.46143	7.7637534	234.32028	214.32874	1000.0	23.343597	2.4552581	27.206436	10.721226	1132000	5.2452087e-09	1.8907323	-0.022299524	-0.18423545	-0.6195272	0.010025376	0.15075	79.0	2503.444112062454
283	142.00145	90.7893	233.37383	23.038565	851.25	21.46341	13.961013	27.443596	-98.23556	1136000	3.218651e-09	196.11877	-0.0070448155	-116.728584	-0.6282643	0.023809828	0.2965	3.0	2510.8457210063934
284	232.80963	11.001442	246.94302	218.6174	1000.0	20.634027	5.308107	28.625456	-60.220592	1140000	2.1457673e-08	29.711176	-0.0005182729	-27.293158	-0.62810946	0.030193562	0.33625	2.0	2518.284661769867
285	226.69057	9.907285	239.20699	216.12598	1000.0	22.230219	9.22392	27.343964	-87.572105	1144000	1.7642975e-08	86.35011	-0.0027905644	-14.873993	-0.62808996	0.0166024	0.2425	1.0	2525.8418667316437
286	234.93529	6.2909355	240.50334	224.24991	1000.0	21.63015	2.0986135	25.402958	10.20553	1148000	2.4795533e-08	8.040185	0.002442253	-6.048663	-0.62805575	0.017163284	0.224	3.0	2533.491946220398
287	232.52205	3.4496038	234.64153	226.55244	1000.0	23.910316	2.570232	26.812145	-20.968546	1152000	1.4781952e-08	3.8368816	-0.013099843	-1.4669976	-0.62773556	0.015084927	0.1655	41.0	2541.6957092285156
288	162.816	117.886604	234.33517	-41.334858	821.25	22.524952	10.450178	27.721119	-99.25314	1156000	4.9471854e-08	88.62056	-0.0036497929	-51.049835	-0.6360787	0.020476794	0.29225	3.0	2549.146644115448
289	236.0189	4.915878	243.39815	229.99692	1000.0	22.271687	4.759813	27.22016	-32.874092	1160000	-1.847744e-08	22.399101	-0.0018084389	-20.70676	-0.63671005	0.01822671	0.30825	3.0	2556.276492834091
290	229.45511	11.704082	239.92496	209.60909	1000.0	24.341286	2.6526303	28.325026	16.512693	1164000	1.9311905e-08	5.565327	-0.02039792	-1.619309	-0.63716173	0.0157925	0.18325	51.0	2564.629483938217
291	161.1207	115.8436	231.71692	-39.44176	854.75	21.46727	12.324263	27.754866	-98.26423	1168000	-4.6253206e-08	82.667465	-0.003226601	-23.23095	-0.6462117	0.015657352	0.2465	2.0	2572.0800886154175
292	124.11113	139.99301	244.31764	-88.49012	716.0	19.872078	14.188872	27.113173	-94.66153	1172000	1.2874604e-08	145.96097	-0.006185097	-64.64222	-0.64638436	0.0155112995	0.15025	4.0	2580.3191289901733
293	239.22372	5.323364	243.36745	230.19066	1000.0	21.764708	4.3589826	29.102777	-23.078703	1176000	-5.00679e-08	24.561844	0.0031451446	-22.585848	-0.64688677	0.019209722	0.269	1.0	2588.1022963523865
294	233.23672	1.0357425	234.47742	231.7426	1000.0	24.32717	2.606011	29.773245	16.206121	1180000	2.336502e-08	1.6355066	0.011855049	-0.22231078	-0.6469844	0.017448708	0.34125	1.0	2595.7156896591187
295	223.93286	6.381361	231.07904	213.78793	1000.0	23.800453	2.6896026	29.382633	16.459774	1184000	4.172325e-08	2.5890672	0.008086682	-0.43392754	-0.6470819	0.01668969	0.178	1.0	2603.1764879226685
296	232.51053	9.564259	241.50931	217.30829	1000.0	23.89093	2.7992215	28.805147	2.3887768	1188000	9.298325e-09	2.2198467	-0.022941308	-0.3137493	-0.64715475	0.012420139	0.157	79.0	2612.033045768738
297	228.76205	12.766424	243.23053	213.7009	1000.0	23.708055	2.722607	28.158718	15.523129	1192000	-9.536744e-10	4.036849	-0.023585524	-0.37659597	-0.6499315	0.010638052	0.1575	79.0	2621.50687456131
298	225.47032	7.357933	233.9085	215.17767	1000.0	23.285912	2.8872273	29.469166	16.610638	1196000	7.629395e-09	2.0991275	-0.0038005684	-0.23757124	-0.64904624	0.015431871	0.18	7.0	2629.826366186142
299	225.36734	7.896262	231.42384	212.09094	1000.0	23.168427	2.7938879	28.781055	16.78823	1200000	6.9141386e-09	3.2592993	-0.022118468	-0.24824286	-0.64955586	0.008426296	0.1715	79.0	2638.6853699684143
300	238.92033	3.163887	244.30643	236.38014	1000.0	23.565756	2.7896533	28.668451	16.166052	1204000	-1.45435335e-08	2.7762544	-0.005084681	-0.6946986	-0.6531883	0.01608992	0.17075	7.0	2646.563209295273
301	238.17851	8.976486	250.52382	226.23589	1000.0	24.237808	2.930401	30.27111	16.356398	1208000	-2.5987624e-08	2.5870574	-0.021473393	-0.15492272	-0.65316296	0.010557363	0.14725	79.0	2655.7624232769012
302	237.1281	2.9915743	241.05183	233.26393	1000.0	24.276411	2.8841329	30.151848	16.520798	1212000	3.1352045e-08	2.531066	-0.023583297	-0.1555295	-0.6518922	0.008553999	0.14125	79.0	2665.1648654937744
303	230.03362	11.00724	246.78807	216.84627	1000.0	23.620832	9.707147	30.386992	-95.15101	1216000	-1.7106533e-08	111.87517	-0.0050480478	-42.84163	-0.65530664	0.0154963415	0.20875	4.0	2672.8660037517548
304	236.56241	8.541169	243.6363	222.29039	1000.0	21.916752	4.216721	27.376034	-52.601124	1220000	3.170967e-08	22.166159	-0.011445287	-19.464888	-0.6553031	0.0150975445	0.2185	25.0	2681.1345019340515
305	173.37947	119.33656	251.07108	-33.037846	828.0	23.71994	10.988361	31.941875	-100.046776	1224000	-3.3378602e-09	90.091415	-0.007156914	-21.764313	-0.66240805	0.015814751	0.24375	5.0	2688.8789117336273
306	172.29991	109.6909	249.98738	-16.95103	852.25	20.813202	13.403873	27.58723	-99.75395	1228000	2.9087067e-08	52.369102	-0.0018215895	-7.929367	-0.66395736	0.01718478	0.164	1.0	2696.5757648944855
307	234.23474	8.722121	244.31566	220.27483	1000.0	22.664623	1.9887495	27.428923	6.1783633	1232000	3.5762786e-09	7.059535	0.0024993685	-4.5732903	-0.66423035	0.015390256	0.176	1.0	2703.385453939438
308	223.4304	7.6256905	230.10277	210.66682	1000.0	23.633648	2.7868574	28.435627	-9.010918	1236000	-2.8371812e-08	3.886842	-0.0234867	-1.1405785	-0.6645134	0.009207078	0.17925	79.0	2711.702511548996
309	128.85556	126.05867	227.14174	-87.94282	765.8	20.569157	16.13505	28.114672	-92.33299	1240000	-2.2947788e-08	107.769325	-0.004974402	-41.583557	-0.662537	0.0160177	0.24925	4.0	2719.1933913230896
310	232.42531	6.3061795	240.19626	225.12094	1000.0	21.447165	3.6024048	27.398016	-40.93479	1244000	5.5789947e-08	13.189442	-0.0038090635	-10.964569	-0.6623684	0.015519316	0.23875	2.0	2726.768551826477
311	176.75815	96.82033	246.38351	11.148593	873.0	23.299377	9.894409	28.176441	-93.82596	1248000	-7.4148176e-08	91.09053	-0.00067312823	-56.009308	-0.6620915	0.02729162	0.34525	3.0	2734.088117837906
312	231.14409	13.42029	247.8452	211.14326	1000.0	22.866058	3.6232674	27.186852	-9.953482	1252000	3.0994414e-08	14.099176	-0.00027153635	-10.597478	-0.66177666	0.015211206	0.2735	2.0	2741.765333175659
313	243.82614	5.4416995	252.93347	238.64584	1000.0	24.1583	2.8557332	29.325312	17.263718	1256000	2.8848648e-08	3.0754383	0.001262127	-0.48339176	-0.66172314	0.015023769	0.204	2.0	2749.3379480838776
314	236.22566	10.183668	246.25688	221.50139	1000.0	24.231606	2.9064472	29.121063	-4.2260313	1260000	-1.2397766e-08	2.8808653	-0.006197681	-0.64689636	-0.66182864	0.015391281	0.15075	11.0	2757.0460081100464
315	232.03012	8.778966	247.0241	224.66212	1000.0	24.301151	2.7716231	29.571787	17.21333	1264000	1.9550324e-08	2.427359	-0.024133239	-0.1218729	-0.6613336	0.011226245	0.1445	79.0	2766.210380792618
316	156.99246	131.50287	238.2796	-70.588455	801.25	23.200617	11.080858	29.65336	-97.846085	1268000	-4.6253206e-08	87.54258	-0.0050232196	-45.928455	-0.66891503	0.025906675	0.34	3.0	2773.7923607826233
317	233.10211	9.711064	246.56047	219.99529	1000.0	22.998524	3.3888752	31.645855	-17.12754	1272000	-1.3351441e-08	7.3852534	0.001601064	-4.8162704	-0.668745	0.020428987	0.247	2.0	2780.4787182807922
318	230.26703	8.375643	237.71684	216.1256	1000.0	23.95526	2.7920961	28.54373	8.86364	1276000	2.5510788e-08	2.8405037	-0.025333503	-0.34318757	-0.6686727	0.012464277	0.159	79.0	2789.4489119052887
319	225.728	6.684899	237.00584	220.32811	1000.0	23.606419	2.7327678	29.3896	12.594443	1280000	3.4809112e-08	3.7451587	-0.0018459806	-0.24870443	-0.67642355	0.015458262	0.22225	2.0	2796.9799501895905
320	234.34875	12.198157	254.98961	223.29973	1000.0	23.81339	2.9541183	30.515121	15.633601	1284000	-4.6014787e-08	2.733864	-0.0010216419	-0.28342605	-0.6765724	0.01605538	0.19375	2.0	2804.609771966934
321	243.24504	4.09676	247.41762	238.25215	1000.0	24.491617	2.680821	31.036398	15.152396	1288000	7.390976e-09	2.1047888	-0.023054877	-0.57493937	-0.6768322	0.0057586147	0.1615	79.0	2813.5547671318054
322	169.10721	88.8905	228.42966	15.572844	888.25	22.854254	12.088486	29.45966	-98.71938	1292000	9.894371e-09	67.82777	-0.00578085	-24.668228	-0.6903538	0.027374554	0.373	3.0	2820.766968011856
323	227.44739	10.935101	244.13606	215.92867	1000.0	20.64816	11.720001	27.894314	-97.57279	1296000	4.3988226e-08	44.99979	-0.005380412	-8.228775	-0.6904392	0.031767037	0.346	2.0	2828.183625459671
324	227.10399	7.877723	235.59612	214.24875	1000.0	21.723057	3.5661557	28.697449	-40.453266	1300000	3.695488e-08	12.786107	0.0013595298	-10.481903	-0.6904911	0.016791822	0.234	3.0	2835.9214656352997
325	235.08456	12.894196	255.69997	222.73688	1000.0	23.453905	2.6564188	29.818876	16.214533	1304000	2.336502e-08	3.1667762	-0.023957081	-0.7113557	-0.6908041	0.008039022	0.168	79.0	2844.7965009212494
326	230.25336	9.664789	245.83067	219.54683	1000.0	23.913649	2.850785	31.271744	14.018202	1308000	-4.2915342e-09	3.4754052	-0.0065295836	-0.21210313	-0.69783384	0.0161527	0.1925	3.0	2851.9427654743195
327	236.41258	3.7452078	241.37097	231.63225	1000.0	23.67014	3.7510993	29.758152	-31.528774	1312000	1.2755394e-08	7.6777053	-0.0039821477	-5.8667727	-0.69811004	0.018252421	0.29925	4.0	2858.6624965667725
328	228.15494	6.8454413	237.2946	217.99113	1000.0	24.010168	2.6808798	30.264017	17.139954	1316000	1.1563301e-08	3.178674	-0.023810739	-0.64216375	-0.69869214	0.010365529	0.15775	79.0	2867.974962234497
329	228.79648	2.3446267	232.14357	225.54135	1000.0	23.440802	2.8877187	30.222052	15.513675	1320000	2.3841857e-09	1.9667469	-0.019899355	-0.18313754	-0.70459354	0.010360184	0.16825	79.0	2877.5034081935883
330	226.15285	12.715739	236.80362	205.62189	1000.0	23.428204	2.7732902	29.139072	15.807743	1324000	-7.1525574e-10	2.2824178	-0.025149906	-0.2519722	-0.7046527	0.0072897812	0.16025	79.0	2886.42991399765
331	177.00314	106.94766	242.86948	-8.179843	864.75	22.808153	8.314679	29.230242	-74.86771	1328000	9.000301e-09	112.359146	-0.023042832	-72.75575	-0.7126967	0.015052069	0.1895	75.0	2895.612470626831
332	135.741	128.6221	241.18394	-89.374146	775.6	18.976295	17.839972	27.57508	-94.55421	1332000	-1.4305115e-09	88.856766	-0.0037239327	-36.35071	-0.7126971	0.024215598	0.3355	2.0	2902.9449620246887
333	221.3757	8.36661	235.19664	212.80363	1000.0	21.52229	3.5308893	26.872728	-11.959082	1336000	-2.0503998e-08	9.78377	-0.0006738255	-6.2392654	-0.71266836	0.0153396055	0.255	2.0	2910.744587659836
334	234.79544	7.2714415	239.17915	222.20444	1000.0	22.95112	2.5256164	26.807833	10.832729	1340000	1.4305115e-09	4.439296	-0.001902282	-2.269605	-0.71266454	0.015677458	0.23475	2.0	2918.1308012008667
335	226.19757	11.670901	245.70279	217.08086	1000.0	24.032545	2.7273028	30.486078	16.267237	1344000	-1.3589859e-08	3.4592836	-0.023236826	-0.63838434	-0.7126465	0.009515733	0.13925	79.0	2926.6119723320007
336	226.33875	13.663995	247.46501	210.6157	1000.0	23.658972	2.9826431	31.383242	15.764054	1348000	-2.1219254e-08	3.3459282	-0.024018733	-0.17896795	-0.7211743	0.00918758	0.1325	79.0	2935.2209243774414
337	229.84993	4.59241	235.83656	225.09572	1000.0	23.161594	2.7751465	30.359468	15.511107	1352000	0.0	2.6501238	-0.011897106	-0.42563558	-0.73260766	0.015507333	0.145	17.0	2942.9898467063904
338	151.9816	139.03233	240.59283	-88.59741	781.75	22.943129	11.507617	29.753557	-93.84857	1356000	3.7312507e-08	60.750923	-0.004591658	-34.292393	-0.73363227	0.015046461	0.29625	3.0	2950.37216258049
339	136.08527	132.42221	262.1176	-88.927475	778.8	18.515484	20.581554	30.745966	-96.23688	1360000	2.1457671e-09	79.459984	-0.0033115912	-30.058113	-0.73379916	0.020604096	0.25525	2.0	2957.8583228588104
340	224.09682	9.720358	235.8826	212.02887	1000.0	22.02616	3.1541624	31.301893	5.1841245	1364000	-4.4345857e-08	5.716551	-0.020995628	-3.0926785	-0.733935	0.015683424	0.2005	63.0	2966.422442674637
341	78.047264	144.96861	243.09172	-89.81105	613.8333	18.885143	18.414288	30.407278	-92.78993	1368000	-1.9550324e-08	172.31108	-0.00038510023	-99.920876	-0.7377283	0.016396591	0.21725	2.0	2974.1741065979004
342	229.30618	3.1334302	232.45445	224.77219	1000.0	21.17391	4.543822	29.588758	-22.821089	1372000	-1.1205673e-08	18.474112	-0.017517453	-16.557877	-0.73763704	0.01526493	0.17375	65.0	2982.7609140872955
343	121.84819	138.29637	238.26067	-88.51937	719.6	21.039547	15.155568	29.431171	-95.79637	1376000	1.2397766e-08	125.28216	-0.0041634236	-58.06498	-0.7427865	0.019097378	0.2745	2.0	2990.4406571388245
344	228.13933	7.806086	238.51843	216.59352	1000.0	22.157188	3.4294004	26.81381	-3.0953298	1380000	-3.6120415e-08	12.394437	-0.008549894	-7.300549	-0.7429804	0.016539056	0.132	7.0	2997.5476484298706
345	147.96936	137.04846	237.35449	-89.127655	781.25	20.786543	12.61003	26.798431	-96.32361	1384000	6.4611434e-08	72.93754	-0.0014112412	-37.520866	-0.74251324	0.025972508	0.35225	2.0	3004.753419160843
346	129.25587	122.98164	223.0396	-92.64827	799.4	19.645811	17.158913	40.408627	-96.85625	1388000	-3.4213066e-08	101.40519	-0.000523007	-37.031433	-0.7421606	0.016150458	0.22425	2.0	3012.1314022541046
347	234.56519	3.1525807	237.74568	229.59497	1000.0	20.80243	3.8353631	25.220282	-55.121044	1392000	-1.4781952e-08	23.343325	-0.0022791596	-20.886429	-0.7418162	0.019066751	0.28975	2.0	3019.8091588020325
348	219.05602	8.319621	232.12059	209.41785	1000.0	23.74482	2.3197277	27.687878	13.15177	1396000	-2.18153e-08	5.3876047	-0.024772922	-1.6142304	-0.74154854	0.013466851	0.171	79.0	3029.17835187912
349	232.85925	8.5203	239.71568	218.77069	1000.0	22.905846	2.4617784	28.027763	13.539697	1400000	-5.3286552e-08	3.3849728	-0.024165476	-1.5089865	-0.74684006	0.010864113	0.15825	79.0	3038.2495682239532
350	147.13127	137.40446	233.7514	-90.602516	780.25	22.827316	10.546947	28.266928	-94.18623	1404000	-8.523465e-09	72.17768	-0.0041690115	-53.32007	-0.7588168	0.01983104	0.26575	3.0	3045.8883986473083
351	219.8314	6.3540897	226.3993	210.68513	1000.0	21.921406	9.606522	27.097296	-84.71613	1408000	-3.0875206e-08	67.40041	-0.0016701466	-30.63396	-0.7585902	0.022156006	0.288	3.0	3053.2591836452484
352	146.06822	134.82362	232.64647	-86.72805	784.0	19.453892	13.200758	26.241333	-97.37725	1412000	2.8371812e-08	23.767895	-0.00021255923	-11.909372	-0.7582997	0.027144784	0.36325	2.0	3061.1352286338806
353	225.54456	12.608499	238.11386	206.17511	1000.0	22.436821	4.650934	27.296883	-24.32931	1416000	-1.4305114e-08	20.103682	-0.0006432671	-17.357649	-0.7581765	0.021145117	0.272	2.0	3068.4124252796173
354	223.86595	11.068865	238.116	210.46094	1000.0	23.103992	2.8149636	27.288822	-12.657651	1420000	3.695488e-08	3.3724399	-0.01067138	-1.0791025	-0.75809777	0.015326041	0.1515	11.0	3076.6146836280823
355	221.13913	13.257243	236.37584	199.86838	1000.0	22.798523	2.6486056	27.287493	-14.165006	1424000	3.8266183e-08	4.751648	-0.016961042	-0.7416396	-0.75930554	0.015500716	0.14	38.0	3084.9674344062805
356	223.505	3.18457	226.78856	218.4652	1000.0	22.74878	2.7637405	27.08963	13.219703	1428000	5.3584575e-08	2.5835674	-0.023848278	-0.22349167	-0.76035595	0.00972188	0.13825	79.0	3094.4396092891693
357	152.72449	137.99744	239.06203	-86.150604	781.75	22.14818	10.58225	27.31744	-98.18624	1432000	-9.536743e-09	68.2172	-0.003949204	-49.554783	-0.7690081	0.022654057	0.35225	2.0	3102.2380175590515
358	230.07596	14.211185	252.4132	216.7562	1000.0	22.994944	5.128803	27.789059	-53.52713	1436000	-4.4226645e-08	19.814852	0.001474076	-17.621838	-0.76916164	0.019862367	0.281	2.0	3109.550684452057
359	228.28938	11.931096	243.14864	213.71135	1000.0	23.768286	2.705871	27.793777	13.806629	1440000	3.5762786e-09	2.5448484	-0.022558264	-0.45743442	-0.7692981	0.010818573	0.1375	79.0	3118.627815246582
360	169.55464	98.68724	230.10287	-1.3329445	878.0	21.679823	11.635687	27.638033	-100.30389	1444000	2.5510788e-08	78.667	-0.005966099	-22.002518	-0.7732622	0.017152688	0.20575	3.0	3126.309686422348
361	223.59322	7.671195	234.7264	213.35037	1000.0	20.983887	4.0037465	25.854492	-49.210842	1448000	1.3828277e-08	17.920017	0.00081975816	-14.510105	-0.7732174	0.020918682	0.2595	2.0	3133.7815067768097
362	220.72232	6.840945	231.52017	213.57545	1000.0	22.659168	2.808265	26.678215	15.004738	1452000	1.0490417e-08	2.74409	-0.0025950926	-0.15926099	-0.7732171	0.02007144	0.22825	4.0	3141.4740138053894
363	230.55185	9.545962	242.46169	215.8002	1000.0	23.083368	2.6437132	26.949638	9.443126	1456000	4.8160555e-08	3.2576838	-0.013651634	-0.5362859	-0.7731455	0.015389938	0.15975	17.0	3149.120348215103
364	234.17311	13.007537	248.48132	213.23647	1000.0	23.961945	2.6303284	27.552237	15.796325	1460000	3.409386e-08	2.8976893	-0.020663505	-0.28397012	-0.77142626	0.012659259	0.13075	79.0	3158.064884185791
365	237.9223	11.429543	251.61647	222.54527	1000.0	24.07713	2.712599	28.096142	16.422554	1464000	-3.886223e-08	1.9302627	-0.012371798	-0.23152721	-0.77216566	0.017608369	0.16625	10.0	3165.6897206306458
366	218.77124	7.957867	232.55037	213.87006	1000.0	24.026196	2.7765381	28.256378	14.073697	1468000	6.2465666e-08	4.506087	-0.021693489	-2.1536238	-0.772177	0.008625983	0.139	79.0	3174.9577946662903
367	240.7967	6.8791275	247.30475	230.12239	1000.0	23.2487	2.5889902	27.09527	13.525506	1472000	5.686283e-08	4.650069	-0.016934052	-1.7883885	-0.7651861	0.015309685	0.1425	35.0	3183.477267742157
368	224.18086	6.5970693	233.69069	215.41724	1000.0	23.939398	2.6763797	28.003757	17.915665	1476000	-5.9604646e-09	4.521082	-0.023878815	-0.6264584	-0.7636374	0.009074389	0.15725	79.0	3192.501316547394
369	227.13708	18.150784	245.18135	202.49806	1000.0	23.498323	2.887722	27.71671	16.906872	1480000	4.053116e-08	3.0934556	-0.023556493	-0.12842917	-0.7694991	0.011867129	0.17325	79.0	3201.6417133808136
370	237.69173	10.659	250.7515	225.76648	1000.0	23.641233	2.80163	27.961363	16.837557	1484000	5.364418e-08	2.5053537	-0.002168677	-0.50278354	-0.7752792	0.01526387	0.24325	6.0	3208.9027540683746
371	233.49446	10.079896	243.65211	219.39555	1000.0	24.394596	2.7552981	28.665379	16.926117	1488000	-5.1259996e-09	1.9589641	-0.0010742076	-0.26257336	-0.77547187	0.016018689	0.171	1.0	3216.5922923088074
372	227.74869	5.6857533	235.35284	219.31477	1000.0	23.855211	2.9612982	28.417421	-34.440807	1492000	4.9471853e-09	5.146228	-0.019116558	-1.4319081	-0.77547127	0.015076289	0.15975	76.0	3225.0068032741547
373	234.33296	11.481191	250.33968	220.7509	1000.0	23.734665	2.505597	27.799303	16.612907	1496000	1.7881394e-10	2.3292906	-0.0006181464	-0.41709435	-0.7689656	0.016724935	0.2185	2.0	3232.363817214966
374	227.00955	4.797241	233.74422	220.2431	1000.0	24.084742	2.5422287	28.00308	15.66559	1500000	-3.272295e-08	3.3148646	-0.012486942	-0.4798894	-0.7690028	0.01663704	0.16675	17.0	3240.3582463264465
375	241.75108	8.556242	251.91753	231.54045	1000.0	24.215551	2.6527903	27.59458	14.553768	1504000	-3.004074e-08	3.4290216	-0.0069386805	-0.73275733	-0.77208155	0.015916992	0.175	9.0	3248.047751188278
376	230.34068	5.0229096	237.18082	224.90376	1000.0	24.149801	2.938097	29.075111	14.472498	1508000	-9.417534e-08	3.0617278	-0.007012613	-0.35947394	-0.7731738	0.015411683	0.172	9.0	3255.8615443706512
377	236.27527	11.396229	255.5637	226.1196	1000.0	24.135817	2.8031013	28.69527	18.112692	1512000	-3.9219856e-08	2.413432	-0.02432345	-0.16601443	-0.7746011	0.012163972	0.15325	79.0	3264.9163489341736
378	236.76309	3.7091784	241.20224	231.12857	1000.0	24.381277	2.7569785	29.369965	17.391338	1516000	3.0994416e-09	1.6868098	-0.022241263	-0.124295235	-0.77972203	0.009927846	0.1545	79.0	3274.052945613861
379	232.52124	7.742752	241.20805	222.39384	1000.0	23.905317	2.8052223	29.008833	16.750685	1520000	-2.8610229e-08	2.3167715	-0.01994786	-0.06085682	-0.78058374	0.008020243	0.1295	79.0	3283.239100456238
380	243.68509	4.564774	249.0394	236.59322	1000.0	24.538004	2.7283626	29.269243	17.642834	1524000	5.3882598e-08	1.9271681	-0.0011002016	-0.45350778	-0.7944364	0.018030038	0.23625	2.0	3290.421543121338
381	245.79959	9.165524	261.29153	238.0249	1000.0	25.27011	2.5319407	29.45167	18.04015	1528000	2.7418137e-09	2.504895	-0.0033120376	-0.2592671	-0.79452807	0.020354202	0.208	3.0	3298.988461494446
382	115.286766	105.410255	227.35803	-50.19794	777.6	20.808107	20.336428	30.117418	-99.41089	1532000	-1.7881394e-10	237.50949	-0.00026378102	-125.99424	-0.79464227	0.02346739	0.29125	2.0	3306.338982105255
383	242.6966	3.8701081	247.70172	237.87613	1000.0	20.00045	3.639396	22.390978	-44.31289	1536000	3.004074e-08	40.98222	-0.020601835	-32.669598	-0.7946965	0.014094507	0.16375	79.0	3315.2606842517853
384	232.8169	8.692785	244.21928	223.54117	1000.0	24.202127	1.4667257	25.020973	16.348038	1540000	-1.192093e-10	8.701792	-0.024144365	-2.8049617	-0.81955004	0.015084173	0.1675	48.0	3323.47194314003
385	237.85355	13.690016	252.35873	215.7518	1000.0	23.894241	2.0431316	26.172916	13.2946415	1544000	1.2874604e-08	6.057591	0.000903636	-1.624083	-0.8160454	0.021642653	0.287	6.0	3331.1104423999786
386	205.7066	74.075165	255.59335	77.68693	938.5	23.739883	11.146678	31.195774	-100.66693	1548000	2.8550625e-08	90.08889	-0.005543019	-61.65877	-0.81594664	0.017157815	0.2315	3.0	3338.561388015747
387	199.38347	54.111088	242.7427	107.05835	970.75	21.172998	15.135971	29.98352	-96.96327	1552000	-3.6120415e-08	113.65111	-0.0008127386	-67.76587	-0.81608874	0.016270682	0.2835	2.0	3345.9829065799713
388	155.6279	127.69587	239.96574	-64.70677	804.5	21.468525	11.193503	26.717611	-98.70689	1556000	1.5079975e-08	87.957886	-0.002255448	-17.395462	-0.81612784	0.016957471	0.30325	3.0	3353.6799478530884
389	170.38655	110.29749	247.02284	-19.656433	872.0	20.67934	11.58898	27.838076	-96.37896	1560000	2.002716e-08	103.08991	-0.005879362	-52.561676	-0.8160311	0.022791313	0.35875	3.0	3361.243851661682
390	238.47772	5.598468	248.12233	234.39937	1000.0	22.880123	3.3696978	28.397451	-16.979486	1564000	5.2809714e-08	9.457573	-0.0013670868	-6.8437643	-0.8158549	0.022293746	0.23325	2.0	3368.568039417267
391	228.80258	7.644123	241.85052	222.37512	1000.0	23.664234	2.7105126	30.336817	7.5765324	1568000	-8.8214875e-09	3.0575519	-0.00096375076	-0.5615163	-0.815827	0.015162033	0.23375	3.0	3375.332298517227
392	232.14914	6.853431	238.70888	222.71942	1000.0	23.847668	2.7347867	30.714249	14.66816	1572000	-6.2465666e-08	3.0861197	-0.0011045303	-0.29736018	-0.8158241	0.015808012	0.214	4.0	3382.571494579315
393	229.41115	9.029935	239.44719	217.16534	1000.0	22.688326	9.2135935	29.993168	-76.981186	1576000	3.015995e-08	49.929874	-0.0026962091	-21.910273	-0.8158435	0.017566385	0.2185	3.0	3390.2007026672363
394	229.90454	13.108352	249.59677	212.7312	1000.0	22.481201	2.7343357	28.608635	-12.934623	1580000	1.3351441e-08	4.7463927	-0.01391761	-2.321555	-0.81602776	0.01558223	0.186	22.0	3398.2879197597504
395	225.9448	15.035467	242.41362	203.15486	1000.0	23.213154	2.828226	29.557924	11.751339	1584000	-6.556511e-09	4.1508565	-0.00077270676	-0.34629297	-0.8189317	0.016214646	0.157	2.0	3405.5783960819244
396	232.84697	3.16056	235.38678	227.6372	1000.0	23.083876	6.852382	29.957428	-65.03523	1588000	4.887581e-09	52.81543	-0.0024018877	-6.5704575	-0.8191087	0.021411024	0.31475	3.0	3413.1565084457397
397	231.42319	11.881408	249.67097	216.48277	1000.0	22.060143	2.656263	27.889923	5.0054693	1592000	1.8715859e-08	6.6394997	-0.02043016	-4.17385	-0.8196732	0.0067548426	0.1515	79.0	3422.3137333393097
398	181.85503	72.729324	227.24126	56.023052	936.0	21.674513	13.328882	30.021626	-96.65888	1596000	2.6345253e-08	54.13786	-0.0064310376	-9.221519	-0.8336269	0.016247215	0.26775	5.0	3429.6595044136047
399	178.40544	91.1972	237.96059	20.753975	887.25	20.393475	12.59466	28.675001	-95.01162	1600000	-3.4570693e-08	65.522934	-0.0021961639	-7.63472	-0.8335591	0.023799744	0.2535	2.0	3436.9673840999603
400	239.47832	11.667094	256.28143	223.78201	1000.0	21.73291	4.5386224	27.813183	-39.242046	1604000	-5.185604e-08	22.684637	-0.017136231	-20.255814	-0.8334658	0.010963736	0.18925	79.0	3445.6265952587128
401	234.17229	8.88951	249.14342	225.88605	1000.0	24.38332	2.6302702	30.948046	16.282759	1608000	-6.389618e-08	2.3539052	-0.013537667	-0.347219	-0.84314704	0.016694598	0.222	13.0	3452.9452109336853
402	172.69133	113.64579	257.0382	-22.796103	839.0	22.970312	11.934694	30.45542	-96.37392	1612000	3.027916e-08	65.28794	-0.003374646	-36.23915	-0.8458472	0.01843959	0.20275	5.0	3460.370923280716
403	227.96832	7.76279	236.47485	218.80893	1000.0	23.13502	2.979081	27.218922	-6.497042	1616000	4.3511392e-08	4.294277	-0.0015949582	-1.4196701	-0.8460063	0.015705885	0.20175	2.0	3468.1778898239136
404	230.77301	3.8878102	234.04297	224.17941	1000.0	23.61845	2.5687842	28.459875	7.3076677	1620000	-6.008148e-08	3.2154138	-0.022466702	-0.32819772	-0.8458612	0.015174102	0.17575	78.0	3477.3430604934692
405	234.69073	14.62964	246.16129	209.74503	1000.0	23.475885	2.642143	28.563091	15.287209	1624000	-4.988909e-08	2.9848084	-0.019467868	-0.3420291	-0.84771025	0.015109248	0.15575	31.0	3485.3449006080627
406	227.47136	8.765256	239.61842	216.32932	1000.0	23.841923	2.9680476	29.413689	9.700495	1628000	-4.005432e-08	3.546879	-0.0035942006	-0.4216342	-0.8548409	0.01734159	0.19425	6.0	3492.6685745716095
407	234.39093	6.6021147	244.62726	226.33182	1000.0	23.63002	2.580207	29.505047	15.493816	1632000	1.3589859e-08	2.04904	-0.012006053	-0.32343173	-0.8561566	0.015613902	0.18075	19.0	3500.624262571335
408	229.68695	19.335264	246.21286	196.72218	1000.0	23.98345	2.692935	29.177744	13.597419	1636000	2.5629998e-08	4.263082	-0.022069324	-0.64619446	-0.86029816	0.013947972	0.2015	79.0	3509.3473591804504
409	188.07884	61.016914	230.33667	82.76719	972.0	22.145466	12.247079	30.329437	-96.300766	1640000	-5.9604643e-10	74.396164	-0.0009727587	-14.837059	-0.8678549	0.018478619	0.2745	2.0	3516.6994440555573
410	229.68039	7.713509	241.99817	222.60112	1000.0	21.489147	2.9067018	29.92961	-13.644791	1644000	3.9339067e-08	8.43397	-0.025097936	-5.926333	-0.8678804	0.014071956	0.177	79.0	3526.4534060955048
411	221.35292	13.111788	239.09196	203.54263	1000.0	23.38847	2.9011002	30.488737	14.880728	1648000	-4.2915342e-09	3.4068556	-0.019390754	-0.46709132	-0.8781793	0.016998181	0.2495	41.0	3534.6934175491333
412	167.18277	109.73201	236.41968	-22.770079	853.0	21.663193	12.43708	29.541754	-90.3504	1652000	-3.8146974e-09	50.969574	-0.003103492	-20.170725	-0.8857558	0.024252318	0.29175	4.0	3542.2757663726807
413	199.98364	55.67458	241.37802	104.21425	955.25	21.39679	12.197378	28.439398	-95.66459	1656000	-3.3378602e-09	70.19457	-0.0024476703	-26.933998	-0.8863678	0.01911681	0.271	2.0	3550.1338860988617
414	248.47578	8.458095	258.028	237.40892	1000.0	23.178167	3.5974321	30.728558	-29.861883	1660000	2.0980835e-08	13.188854	-0.003807984	-11.046981	-0.8866313	0.015091816	0.2475	4.0	3557.424268245697
415	226.19148	16.474968	245.38683	200.00496	1000.0	24.48603	3.59126	30.328373	-34.05143	1664000	-1.06573104e-07	10.837323	-0.0014746345	-7.9114685	-0.8870987	0.016245797	0.18425	1.0	3564.9705018997192
416	245.04161	6.8868303	253.08559	234.0952	1000.0	24.199059	2.8293338	31.366646	15.386599	1668000	-3.9696694e-08	2.9569664	0.004264526	-1.1175076	-0.8871693	0.02171869	0.24275	1.0	3572.980010509491
417	164.31233	128.23392	244.68211	-57.63809	807.0	23.729347	9.999474	30.601864	-92.344986	1672000	-9.9062916e-08	98.3495	0.00028630852	-51.415253	-0.88724405	0.02339287	0.27525	1.0	3580.5224301815033
418	230.85057	10.432489	238.76071	213.0487	1000.0	23.07988	2.7175772	27.836733	-9.902104	1676000	3.9935113e-08	8.301562	0.0003160106	-5.7573805	-0.88734585	0.017172504	0.183	3.0	3588.1921269893646
419	233.60896	3.845172	239.38052	228.91338	1000.0	23.956604	2.749234	28.423897	7.9769993	1680000	-3.6239623e-08	2.173476	0.0043602404	-0.4106456	-0.88748467	0.016386056	0.23225	1.0	3595.489478111267
420	241.18054	8.658202	252.38353	228.72823	1000.0	24.066051	2.5387497	28.391693	16.302855	1684000	-2.4914742e-08	2.734144	0.008842118	-0.7503542	-0.8875315	0.018828351	0.31175	1.0	3602.845797777176
421	228.56985	10.075436	237.57835	212.5855	1000.0	24.462727	2.9987926	29.290556	16.587551	1688000	1.5497207e-08	3.6783023	-0.0017422399	-1.0835235	-0.8875423	0.017446864	0.18975	2.0	3610.2802958488464
422	236.65442	7.320881	245.01556	225.71404	1000.0	23.898409	2.7389667	28.734512	15.472026	1692000	-4.2676927e-08	2.802012	0.0062371152	-0.36803436	-0.8875653	0.0151789	0.26325	1.0	3617.379417181015
423	237.52611	5.8094106	242.363	228.10902	1000.0	24.359076	2.762017	28.976545	15.798686	1696000	6.198883e-08	2.5460525	-0.005146287	-0.26759338	-0.8875828	0.018113472	0.18425	8.0	3624.8864600658417
424	226.5059	6.498227	234.4268	217.15782	1000.0	23.585934	3.1890035	28.91418	-6.6760178	1700000	1.6212464e-08	3.597246	-0.019718738	-1.3794804	-0.8878558	0.010076056	0.13525	79.0	3633.870726108551
425	243.45534	8.208535	254.95825	232.0172	1000.0	24.286879	2.6691458	29.111753	16.323706	1704000	-6.222725e-08	2.1943164	-0.007284493	-0.550681	-0.87918043	0.015657209	0.1285	7.0	3641.4445474147797
426	230.57315	9.993068	242.86702	218.76007	1000.0	24.333384	2.6237788	29.858187	16.666187	1708000	-7.760525e-08	3.4708972	-0.0037064778	-0.5785904	-0.87887436	0.01963251	0.1475	2.0	3648.9361913204193
427	241.61029	3.032442	245.83969	237.65375	1000.0	24.150381	3.6713376	30.917158	-45.606342	1712000	2.2172928e-08	8.025254	-0.0068837544	-5.492588	-0.87895966	0.017561011	0.203	8.0	3656.7934267520905
428	238.90634	3.2034929	243.10364	234.44632	1000.0	24.638218	2.9035776	31.503754	16.50135	1716000	-4.9591065e-08	2.1266315	-0.020754524	-0.4321152	-0.88036376	0.011961806	0.17375	79.0	3666.229705810547
429	238.62085	8.643863	250.43033	226.73354	1000.0	24.3728	2.8766227	30.518324	16.388988	1720000	-1.4424324e-08	2.3628337	-0.020180177	-0.17064905	-0.8909252	0.015542641	0.17625	53.0	3674.5967602729797
430	252.90642	4.327846	257.01205	245.62686	1000.0	25.293242	2.4181933	31.00917	17.708378	1724000	-1.2278557e-08	1.9491913	-0.014767864	-0.5911449	-0.8946501	0.015767854	0.17225	19.0	3682.609746694565
431	247.78152	11.762259	261.9485	230.30081	1000.0	25.676117	2.7561102	31.636662	16.722963	1728000	2.5868415e-08	2.0193923	-0.023426319	-0.15529478	-0.8948518	0.013113333	0.177	79.0	3691.6116523742676
432	237.417	11.035962	254.71767	227.22025	1000.0	25.076468	2.7975888	31.513186	16.771135	1732000	-2.1219254e-08	2.4944868	-0.00091313	-0.51468503	-0.89297724	0.015233779	0.15325	4.0	3698.8128521442413
433	243.07121	6.9744654	253.78871	236.36044	1000.0	24.87156	2.8273487	30.490992	16.881657	1736000	4.5001507e-08	1.5284964	0.002028204	-0.11329913	-0.89332104	0.025628496	0.28125	1.0	3706.2023043632507
434	247.64417	5.1023283	255.30081	242.56142	1000.0	25.035648	2.6010065	30.356863	17.832407	1740000	4.646182e-08	1.7133206	0.0033533708	-0.49111557	-0.89343613	0.016702218	0.26425	3.0	3713.698891401291
435	237.40454	5.6941733	246.96858	232.05653	1000.0	25.165707	2.758886	31.098434	17.314117	1744000	-2.9087067e-08	2.9855306	-0.02050213	-0.6821387	-0.8938996	0.015152788	0.2035	59.0	3722.078423976898
436	238.69186	8.411638	247.06921	227.6395	1000.0	24.678497	2.9495702	30.823616	16.237904	1748000	2.5391579e-08	1.6691878	-0.005523097	-0.10600102	-0.89958715	0.015266766	0.15875	3.0	3729.70068359375
437	150.45926	104.14938	246.69855	-3.8372693	855.75	22.363659	14.914914	30.41215	-96.94634	1752000	4.053116e-09	178.21628	0.00033663894	-116.28688	-0.8997327	0.01944407	0.27925	2.0	3737.2196383476257
438	242.47832	10.51752	253.77904	225.48969	1000.0	20.862299	7.920116	28.000904	-32.939865	1756000	-5.722046e-09	85.99175	-0.0029888113	-83.67062	-0.89981765	0.018279348	0.27325	3.0	3744.3814141750336
439	239.22076	4.906439	245.13622	232.01396	1000.0	24.564594	2.6621284	30.162006	17.440887	1760000	5.9604645e-08	2.2873487	-0.0047657257	-0.36735153	-0.89986974	0.017341802	0.2755	5.0	3752.7594633102417
440	236.56657	5.5664363	242.72131	227.52402	1000.0	24.46027	2.9558518	31.106651	17.435238	1764000	6.556511e-08	2.1610599	0.004819448	-0.3065518	-0.9001347	0.022121202	0.28675	3.0	3760.2774455547333
441	237.94762	12.830087	250.41057	220.93285	1000.0	24.317005	2.8092508	30.450357	10.387425	1768000	3.051758e-08	3.0073073	-0.0035904318	-0.5010123	-0.9002971	0.01649815	0.1835	5.0	3767.9628920555115
442	203.67204	71.67652	248.21065	79.58538	933.75	23.210129	13.036704	30.697798	-99.165436	1772000	-6.7591664e-08	153.20268	-0.0036863305	-51.375443	-0.90062773	0.015536278	0.24075	3.0	3775.4000363349915
443	170.45543	125.24727	246.22519	-46.37126	826.0	19.624647	13.799697	27.27568	-99.14975	1776000	-2.2768974e-08	85.34055	-0.0047890544	-26.08228	-0.9007162	0.018467724	0.20275	3.0	3782.648874759674
444	173.6531	96.897285	238.79536	6.180048	870.0	21.41439	11.053887	27.794151	-89.99364	1780000	-1.2397766e-08	74.50282	-0.0050458107	-17.643524	-0.9008223	0.01916168	0.2445	3.0	3790.173475265503
445	231.5388	11.340998	247.54657	219.31683	1000.0	22.087969	2.8363733	27.435387	-19.949957	1784000	-3.051758e-08	9.6396265	-0.005702891	-5.6860313	-0.9006596	0.015082705	0.1695	7.0	3797.7035994529724
446	240.2808	4.389823	245.79659	233.78152	1000.0	23.790554	3.1167066	28.484936	8.7314625	1788000	1.2874604e-08	3.738277	-0.024047436	-1.5303884	-0.9013134	0.0152544305	0.18525	59.0	3806.294736146927
447	170.57185	126.30239	259.74002	-46.613426	819.5	23.567501	10.540444	28.739956	-95.80956	1792000	-3.3676624e-08	89.01357	-0.0028542373	-15.435974	-0.8993573	0.01505156	0.1585	2.0	3814.162741422653
448	233.65407	10.7797365	245.80675	216.34749	1000.0	22.454266	5.247745	28.057516	-61.25319	1796000	3.5643577e-08	29.111338	-0.0044552837	-25.508701	-0.89946777	0.015527826	0.221	7.0	3821.1790409088135
449	233.54257	14.729915	247.96248	209.25546	1000.0	23.867977	2.930329	28.685616	16.586954	1800000	-9.596348e-09	2.6409798	-0.023128932	-0.37571263	-0.90055764	0.012057469	0.14175	79.0	3830.6268060207367
450	238.37787	8.322149	252.67117	232.52397	1000.0	24.491892	2.5459237	28.788162	16.929676	1804000	5.4836274e-08	2.2797024	-0.008908001	-0.17382288	-0.90413886	0.01700298	0.20325	7.0	3838.2346110343933
451	188.02252	100.34361	256.53723	14.85901	883.0	22.648392	13.754908	30.434143	-99.86415	1808000	1.6152859e-08	156.25058	-0.0046997555	-70.53477	-0.90447927	0.017594231	0.2775	3.0	3845.7764739990234
452	243.18933	11.148315	259.14767	230.95341	1000.0	21.10412	4.715491	26.600153	-44.35442	1812000	-7.152557e-09	33.226128	-0.010634944	-30.868422	-0.90467393	0.016156211	0.174	16.0	3853.449760198593
453	157.31912	132.69586	243.87645	-72.16495	797.0	23.269266	11.711823	29.31951	-101.006905	1816000	-1.2671947e-07	76.18137	-0.0061341426	-15.1750145	-0.90482265	0.016449112	0.204	3.0	3860.9416699409485
454	234.03008	8.52522	243.05722	220.15948	1000.0	22.623343	3.429275	28.350105	-32.842987	1820000	-6.9141386e-09	7.909656	-0.019021511	-4.6589756	-0.9049455	0.012630902	0.148	79.0	3870.033679008484
455	245.90819	1.5207872	248.48589	244.6377	1000.0	24.351353	2.5826845	30.453262	14.804507	1824000	-1.001358e-07	3.0418048	-0.019884812	-1.5980427	-0.90958846	0.010674689	0.14375	79.0	3878.8893303871155
456	231.71414	7.175713	241.85857	221.81392	1000.0	25.016983	2.8024848	30.918943	16.593824	1828000	-1.9788741e-08	3.5501482	0.0011166343	-1.3533854	-0.91145486	0.016227301	0.2495	2.0	3885.9069850444794
457	228.42447	5.189887	234.64392	222.41823	1000.0	23.96915	3.1706326	29.20753	-33.67304	1832000	1.0490417e-08	60.667492	-0.0013923802	-13.898373	-0.9116742	0.015396518	0.26075	3.0	3892.9242198467255
458	237.9144	7.053444	245.17888	226.57748	1000.0	22.440891	2.8545964	28.117775	12.786133	1836000	-2.7298928e-08	6.2387733	-0.0035400114	-4.206668	-0.9119017	0.016184071	0.2035	3.0	3900.256264448166
459	233.02702	9.2267885	245.17458	221.75887	1000.0	24.059624	2.7124114	30.2921	13.48185	1840000	2.515316e-08	5.721335	-0.008620916	-1.4080367	-0.9121378	0.01669906	0.1815	8.0	3907.9929378032684
460	238.84894	10.523787	251.09502	222.61433	1000.0	23.864035	3.6339705	31.404974	-47.12663	1844000	-2.0503998e-08	5.5550094	-0.007241686	-3.5994012	-0.91242486	0.015557811	0.14425	9.0	3915.669495820999
461	232.57611	8.820254	247.1214	224.57812	1000.0	24.340202	2.9553769	32.090816	16.256136	1848000	4.1842462e-08	2.1559844	-0.022191904	-0.30882585	-0.91333276	0.015361107	0.184	53.0	3924.250161886215
462	233.9783	10.306065	246.79318	220.62012	1000.0	23.851175	2.7659786	30.500507	16.506521	1852000	-7.2956084e-08	2.6237106	-0.021454467	-0.17449427	-0.9202286	0.013537443	0.16975	79.0	3933.772701740265
463	234.84346	8.004817	242.12305	221.39519	1000.0	24.039873	2.9598703	30.352139	16.164692	1856000	4.2438508e-08	2.7190073	-0.024985036	-0.20358086	-0.9192598	0.01102954	0.15275	79.0	3942.8011071681976
464	232.5304	9.687698	241.66788	216.21808	1000.0	24.21816	2.773408	30.049614	15.968379	1860000	-4.339218e-08	1.8955212	-0.021071712	-0.29092598	-0.9292669	0.010084419	0.1305	79.0	3951.7390899658203
465	233.61357	8.446249	246.68063	223.33415	1000.0	23.844425	3.1448529	30.614683	15.403317	1864000	-3.218651e-08	3.051508	-0.0008292309	-0.38644552	-0.93218446	0.028077584	0.3175	2.0	3959.109089612961
466	233.28052	8.303424	241.94852	219.9461	1000.0	23.852394	2.6421845	31.141161	16.43849	1868000	-5.829334e-08	1.7142324	-0.0062596663	-0.17550528	-0.93214345	0.017444959	0.173	5.0	3967.8075773715973
467	237.94048	7.163582	244.72816	226.38516	1000.0	24.31063	2.8294501	30.236767	16.18668	1872000	-6.055832e-08	2.4339578	0.002445579	-0.22015691	-0.932013	0.017893968	0.19875	3.0	3974.984843969345
468	239.6125	4.6530714	246.50645	234.95421	1000.0	24.532997	3.0170672	30.615839	16.20315	1876000	-4.1007997e-08	1.7025104	-0.026119456	-0.1473403	-0.9321073	0.013528337	0.19525	79.0	3983.758816719055
469	236.0373	11.015419	250.45091	220.49486	1000.0	24.62476	3.1458194	31.665003	15.870296	1880000	5.1259995e-08	2.6232736	-0.025024166	-0.28626704	-0.93416154	0.010768452	0.156	79.0	3992.852991580963
470	245.3308	8.275976	253.9417	233.60857	1000.0	24.528095	2.7379427	30.918306	16.042736	1884000	-4.220009e-08	1.6187755	0.00046598268	-0.46231186	-0.94019854	0.02004417	0.27	2.0	4000.4439556598663
471	171.91165	127.06724	249.03484	-48.110146	824.25	23.586641	13.128671	31.958378	-98.778435	1888000	-7.510185e-09	78.339874	0.00016032677	-27.567802	-0.9401642	0.015083776	0.2605	2.0	4007.8331038951874
472	180.8825	119.48072	259.81348	-25.782187	835.75	23.174995	9.960415	29.471504	-86.601494	1892000	4.887581e-09	88.22902	-0.0030551758	-13.047272	-0.9401069	0.021241462	0.2705	2.0	4015.291219472885
473	183.7098	116.93852	260.96335	-18.478203	841.0	22.034658	12.441511	29.9696	-95.32535	1896000	-5.2928925e-08	88.9249	-0.0017823743	-25.54211	-0.94006956	0.032585513	0.39875	2.0	4022.8788752555847
474	231.44037	3.6124346	236.10133	226.21782	1000.0	23.520603	3.6611717	30.63694	-4.9454365	1900000	5.5789947e-08	10.964949	-0.020826628	-8.294454	-0.94006515	0.010634091	0.177	79.0	4031.684792995453
475	210.85753	69.620575	254.72011	90.33864	964.5	23.055735	12.146939	31.03606	-94.241005	1904000	-1.2040139e-08	82.86961	-0.0010876034	-16.33371	-0.9465038	0.015918858	0.2075	2.0	4039.0071353912354
476	221.50494	48.125984	253.43161	138.64899	997.5	21.854607	11.686353	30.364904	-94.11663	1908000	-2.6226044e-09	90.96008	-0.005052012	-29.549412	-0.94665486	0.017696882	0.207	3.0	4046.1658849716187
477	247.19711	4.783631	252.6273	239.76923	1000.0	23.483421	4.7000084	32.27192	-60.415	1912000	-1.45435335e-08	25.45831	-0.004336037	-23.21188	-0.9467692	0.022435872	0.241	7.0	4053.5700471401215
478	197.11122	83.505424	252.48172	52.81102	905.25	24.878363	10.311408	31.393814	-95.41528	1916000	-3.0428172e-08	108.5488	-0.0072975038	-78.31323	-0.9469294	0.0182917	0.299	7.0	4060.976945877075
479	240.9759	7.075963	248.57579	232.52867	1000.0	23.677656	4.342591	28.772062	-53.87479	1920000	-1.859665e-08	19.009834	-0.02015487	-15.703911	-0.9479417	0.015287871	0.186	68.0	4069.776292324066
480	247.49883	7.7683473	254.89659	236.33081	1000.0	25.112324	2.9760273	31.743618	-17.703026	1924000	1.26361845e-08	6.789056	-0.005448	-3.6538312	-0.96653795	0.017618626	0.24125	3.0	4077.1883566379547
481	247.51906	7.9404807	254.8045	234.95517	1000.0	25.273438	2.6759236	31.837118	17.942213	1928000	-3.838539e-08	1.5896626	-0.0068440516	-0.20446754	-0.96693426	0.018768333	0.2285	10.0	4084.8914818763733
482	179.27666	121.72768	255.05147	-31.448448	829.5	24.641079	10.374958	32.027798	-83.849144	1932000	-5.027652e-08	76.39533	0.0029421274	-38.6453	-0.9689101	0.020733627	0.2495	1.0	4092.7313430309296
483	243.43427	3.0062208	247.54605	239.98099	1000.0	23.791235	4.1091795	31.333145	-27.278135	1936000	-2.6702882e-08	16.083073	-0.001821189	-13.925182	-0.9691223	0.021387747	0.26375	3.0	4100.405309915543
484	239.1359	3.1548402	242.4145	235.1328	1000.0	24.981728	2.5436914	31.211052	17.206184	1940000	-3.6239623e-08	2.862549	-0.00914673	-0.6697521	-0.9697161	0.015011543	0.17725	13.0	4108.391361236572
485	234.97438	7.2058296	245.85509	225.76129	1000.0	24.46453	2.777743	30.887781	15.110773	1944000	4.5776368e-08	3.5120995	-0.024187664	-0.5811112	-0.97295827	0.0116216	0.14575	79.0	4117.273061037064
486	244.7888	12.111037	258.73407	230.53206	1000.0	24.910595	2.9413762	32.15814	16.810879	1948000	3.1471252e-08	3.0573	-0.0019403514	-0.4224336	-0.98185796	0.017357526	0.2385	3.0	4124.949692726135
487	240.114	10.403563	253.04054	226.35805	1000.0	25.121735	2.9943774	32.354897	16.290018	1952000	5.698204e-08	2.2216625	-0.02310098	-0.37199795	-0.98179036	0.0130566945	0.191	79.0	4133.8757247924805
488	245.21552	7.1664925	253.6604	236.03844	1000.0	24.899626	2.71159	31.157812	7.1510005	1956000	2.7656554e-08	2.4198544	-0.0025038996	-0.5345527	-0.98321587	0.017825928	0.19825	3.0	4141.347176790237
489	165.47939	79.95435	241.53546	53.717472	897.25	22.65897	16.776897	31.690844	-95.11207	1960000	2.2172928e-08	155.64076	-0.0031249607	-75.57759	-0.9831526	0.023968702	0.29975	4.0	4148.957435369492
490	190.66974	90.4545	246.60623	34.100365	893.75	20.526226	11.844109	29.190887	-94.89804	1964000	1.835823e-08	60.73049	-0.006147008	-30.61779	-0.98323375	0.018326443	0.17475	7.0	4156.692487955093
491	235.8296	5.590426	241.01653	226.50267	1000.0	22.19898	7.866406	30.224123	-42.42385	1968000	1.692772e-08	75.524895	-0.0034695405	-69.22079	-0.98274946	0.019692551	0.317	3.0	4164.194290399551
492	244.54263	10.070828	253.57338	227.4681	1000.0	24.627703	3.1480947	31.714708	16.482851	1972000	3.886223e-08	4.0107813	-0.006829676	-1.3751974	-0.982529	0.015351499	0.1905	6.0	4171.65092086792
493	241.19974	6.7403865	249.33348	231.90848	1000.0	24.868515	2.9263709	31.609222	16.621525	1976000	-3.576279e-08	2.9869251	-0.026174381	-0.5334182	-0.9823965	0.012243177	0.15725	79.0	4180.302664041519
494	247.15167	10.407206	260.21176	235.23042	1000.0	25.118422	3.2078052	31.415987	-2.0796962	1980000	4.4345857e-08	3.5967677	-0.022721503	-0.73264647	-0.9961925	0.01245251	0.1585	79.0	4190.384697675705
495	181.93652	95.4169	246.4363	17.066818	889.75	23.950232	9.715357	31.553198	-94.6512	1984000	-4.6432017e-08	104.68536	-0.004676476	-30.422897	-0.9998717	0.015349769	0.2095	3.0	4197.770873069763
496	203.54584	67.50235	245.86119	86.68898	949.0	20.796595	12.694203	30.213549	-98.658356	1988000	1.66893e-08	76.94006	-0.0031894618	-9.931374	-0.9999816	0.017758291	0.23175	2.0	4205.335635662079
497	253.46121	6.8039856	259.96298	243.01198	1000.0	22.655273	4.091448	29.94307	-57.083107	1992000	-1.2397766e-08	22.391556	0.0016775331	-19.895107	-0.9999928	0.020404024	0.26675	2.0	4212.993811607361
498	143.77686	115.6463	245.9132	-9.31834	780.8	23.176594	16.099724	32.05212	-97.41892	1996000	5.25713e-08	167.51653	0.0011701558	-65.70541	-1.00006	0.018942041	0.2675	2.0	4220.242736816406
499	243.58418	5.8402667	250.56628	236.40266	1000.0	19.685318	10.128676	28.5042	-70.766785	2000000	-6.5803526e-08	124.75819	-0.0031055182	-118.99771	-1.0001758	0.02046316	0.228	2.0	4227.738919734955
