Epoch	AverageEpRet	StdEpRet	MaxEpRet	MinEpRet	EpLen	AverageVVals	StdVVals	MaxVVals	MinVVals	TotalEnvInteracts	LossPi	LossV	DeltaLossPi	DeltaLossV	Entropy	KL	ClipFrac	StopIter	Time
0	-7.7921305	0.6498802	-7.057207	-8.657005	200.0	-0.03334155	0.0026734907	-0.027681798	-0.03942144	1000	-8.583069e-08	6.0029864	-0.0072822045	-5.1264186	0.91893834	0.0068804133	0.016	79.0	0.7634909152984619
1	-7.0062323	0.55566174	-6.5562525	-8.03264	200.0	-2.3579628	0.021648452	-2.30549	-2.399539	2000	-1.1301041e-07	0.5996434	-0.014159143	-0.43346703	0.8957647	0.0053722383	0.051	79.0	1.486769676208496
2	-6.7283096	0.18499203	-6.4360566	-6.964181	200.0	-3.0101128	0.026508706	-2.917196	-3.077288	3000	-1.809001e-08	0.11258125	-0.011803	-0.038531452	0.8707179	0.00080207875	0.005	79.0	2.19620418548584
3	-6.4065857	0.6065004	-5.344545	-7.0526733	200.0	-3.2085524	0.03437883	-3.1123455	-3.2779071	4000	5.0626694e-09	0.09922774	-0.013599656	-0.0004858747	0.8394679	0.0022817354	0.028	79.0	2.920389175415039
4	-5.874565	0.46912932	-5.319573	-6.7426896	200.0	-3.1872003	0.029817041	-3.0798633	-3.2647655	5000	2.4676323e-08	0.07380902	-0.010117652	-0.028543781	0.8142487	0.0007080397	0.006	79.0	3.6492197513580322
5	-5.654454	0.44192395	-4.842442	-6.15226	200.0	-3.023732	0.027697884	-2.9437933	-3.0841577	6000	1.2241304e-08	0.05491944	-0.01114309	-0.016842239	0.78809667	0.005103092	0.006	79.0	4.363493204116821
6	-5.3740373	0.39512023	-4.8580756	-5.8292236	200.0	-2.8918347	0.020783354	-2.8417444	-2.9286451	7000	-1.2740493e-08	0.06224409	-0.01082226	-0.0043862313	0.7611845	0.0009869062	0.006	79.0	5.079054832458496
7	-5.472118	0.3935193	-5.027006	-6.074866	200.0	-2.8286393	0.02333924	-2.7549438	-2.8642092	8000	2.6106834e-08	0.029025875	-0.012302104	-0.0012204684	0.73335004	0.004552686	0.013	79.0	5.78837513923645
8	-4.8070574	0.55199677	-4.1045113	-5.458518	200.0	-2.796926	0.015801633	-2.7482455	-2.8282573	9000	5.233288e-08	0.11660931	-0.009564423	-0.050150715	0.7047811	0.0009980206	0.004	79.0	6.5592522621154785
9	-4.607377	0.26412794	-4.1852174	-4.9713373	200.0	-2.5754824	0.012396259	-2.5400536	-2.5963326	10000	-2.0861625e-08	0.06319336	-0.0031414777	-0.02587707	0.680683	0.015446986	0.163	6.0	7.158352613449097
10	-4.766989	0.5287909	-4.060274	-5.6493883	200.0	-2.4207606	0.012271626	-2.3740778	-2.4518366	11000	5.0216915e-09	0.043157768	-0.0046116235	-0.0028885342	0.6789109	0.015987648	0.229	6.0	7.757298707962036
11	-4.7702804	0.48616573	-4.178967	-5.4047065	200.0	-2.362839	0.016349211	-2.3204808	-2.3929787	12000	2.8908254e-08	0.045711912	-0.011118466	-0.0002400279	0.6771518	0.005512895	0.015	79.0	8.525506734848022
12	-4.2787867	0.16921943	-3.9410145	-4.382368	200.0	-2.3550663	0.014484839	-2.307955	-2.3787777	13000	-1.7881394e-08	0.031813096	-0.009819978	-0.012297867	0.6532612	0.0016270417	0.013	79.0	9.248225212097168
13	-4.2524896	0.36816892	-3.9077654	-4.961206	200.0	-2.2438884	0.010601404	-2.207334	-2.264807	14000	1.6510487e-08	0.032031626	-0.009846181	-0.006287962	0.63049185	0.0015756702	0.011	79.0	9.965565204620361
14	-4.10682	0.5052618	-3.6330366	-4.841537	200.0	-2.1660035	0.007911814	-2.1440687	-2.1814303	15000	2.6941299e-08	0.052893583	-0.010991488	-0.008552987	0.60904145	0.00559981	0.016	79.0	10.72284483909607
15	-3.7130284	0.22252713	-3.4199994	-4.098033	200.0	-2.0719814	0.008282021	-2.0528953	-2.0860565	16000	-1.975894e-08	0.032578476	-0.010653983	-0.016838914	0.5869714	0.00036507225	0.003	79.0	11.486840009689331
16	-3.85083	0.53475034	-3.1546853	-4.693152	200.0	-1.9414382	0.007464921	-1.9203634	-1.9529313	17000	1.360476e-08	0.036726877	-0.012599688	-0.00014792383	0.5603536	0.0048802523	0.022	79.0	12.226004838943481
17	-3.3025994	0.3569292	-2.787683	-3.8982706	200.0	-1.9302595	0.00592347	-1.9047267	-1.9398928	18000	2.157688e-08	0.055339936	-0.010709024	-0.015132815	0.5336192	-0.00036196058	0.001	79.0	12.9465651512146
18	-3.305476	0.17744523	-3.1306841	-3.5414457	200.0	-1.8060015	0.0037360429	-1.7940326	-1.8131303	19000	7.718802e-09	0.015848758	-0.010730513	-0.0053415997	0.5066337	0.0014667112	0.002	79.0	13.675258159637451
19	-3.076049	0.19747604	-2.8786774	-3.326967	200.0	-1.7318964	0.0035749492	-1.7227826	-1.73797	20000	5.272031e-08	0.023965957	-0.010129047	-0.007732464	0.4797403	0.0035617414	0.012	79.0	14.412974119186401
20	-2.9899933	0.2641623	-2.639764	-3.3038712	200.0	-1.6424072	0.0050735767	-1.6236418	-1.6488804	21000	-8.523465e-09	0.03199736	-0.0102895	-0.0044525117	0.4578718	0.0016860112	0.004	79.0	15.150023460388184
21	-3.060822	0.34396893	-2.5792167	-3.6242173	200.0	-1.5745918	0.005506557	-1.5564128	-1.5814277	22000	6.6272916e-09	0.015274036	-0.012457194	-0.0004473906	0.4322014	0.005379304	0.015	79.0	15.860427618026733
22	-2.6125765	0.21724676	-2.357865	-2.9187272	200.0	-1.5543165	0.0048637344	-1.5407628	-1.5628375	23000	3.9756298e-08	0.033517253	-0.009438007	-0.015613457	0.40741408	0.0010356212	0.004	79.0	16.58323049545288
23	-2.4915214	0.14410721	-2.2794998	-2.7092035	200.0	-1.4271233	0.0040049166	-1.4146494	-1.4321201	24000	-2.503395e-08	0.020294948	-0.013706762	-0.008953433	0.38382936	0.00054999517	0.052	79.0	17.295559406280518
24	-2.3589263	0.18025666	-2.1218002	-2.6532817	200.0	-1.3315715	0.0023209753	-1.3233066	-1.335235	25000	-3.179908e-08	0.024634417	-0.009226923	-0.0071121324	0.36245447	0.0013849096	0.007	79.0	18.06893801689148
25	-2.2855346	0.11359941	-2.154656	-2.434803	200.0	-1.2461827	0.0015179211	-1.2413127	-1.248088	26000	-1.8298627e-08	0.0065823286	-0.0100161405	-0.0027689484	0.3400478	0.00016377372	0.0	79.0	18.788996934890747
26	-2.2519093	0.1709042	-1.9532434	-2.438516	200.0	-1.192186	0.0016914495	-1.1835972	-1.193772	27000	1.192093e-10	0.0072202752	-0.010585379	-0.00073531456	0.31491458	0.0026610848	0.01	79.0	19.542067289352417
27	-2.0353017	0.19419937	-1.729715	-2.307506	200.0	-1.1653223	0.0008440762	-1.1623341	-1.1664553	28000	2.0384789e-08	0.019003553	-0.010626956	-0.009259553	0.29010862	0.00021678292	0.015	79.0	20.297712564468384
28	-2.082668	0.11594364	-1.9812175	-2.2936938	200.0	-1.0682887	0.0009180704	-1.0631478	-1.0695921	29000	3.5464764e-09	0.0047549154	-0.010653788	-2.3799948e-06	0.26659292	0.002788815	0.016	79.0	21.05131721496582
29	-1.8458382	0.14058512	-1.6923548	-2.0988898	200.0	-1.0685827	0.0010569973	-1.0650609	-1.0702933	30000	1.9133092e-08	0.0104279285	-0.009972026	-0.0054749567	0.24394083	0.0014873396	0.004	79.0	21.806325674057007
30	-1.8248951	0.05394436	-1.7715822	-1.9210294	200.0	-0.99445164	0.0007313996	-0.99169016	-0.9957225	31000	2.4139881e-09	0.008161183	-0.011745631	-0.0051994794	0.21976587	0.0011736994	0.003	79.0	22.557023286819458
31	-1.8048899	0.06396758	-1.7259151	-1.8912566	200.0	-0.9218278	0.0015705482	-0.91586614	-0.9242089	32000	-1.449883e-08	0.003966998	-0.011096671	-1.9582454e-05	0.19200024	0.006091958	0.011	79.0	23.307724475860596
32	-1.6641716	0.22241277	-1.4112647	-1.9337249	200.0	-0.9173812	0.0016930619	-0.91112256	-0.91995263	33000	7.2717667e-09	0.010284388	-0.010349075	-0.0023453888	0.1671576	0.0030905858	0.008	79.0	24.074795484542847
33	-1.5694236	0.116384596	-1.444407	-1.7280545	200.0	-0.8693319	0.0016602445	-0.86316544	-0.871979	34000	4.696846e-08	0.007916982	-0.009216034	-0.0024816277	0.1428222	0.00022417378	0.003	79.0	24.832807540893555
34	-1.3668115	0.12316102	-1.1358044	-1.4916823	200.0	-0.8201102	0.0010598657	-0.8166912	-0.8221535	35000	2.1338463e-08	0.011755496	-0.008771661	-0.007698323	0.11915979	0.00024990254	0.012	79.0	25.600698232650757
35	-1.4884367	0.14607354	-1.2616414	-1.6787624	200.0	-0.73295873	0.0018801825	-0.7283315	-0.7361852	36000	-8.068978e-09	0.0057797884	-0.010364324	-7.946044e-05	0.10091967	0.00039115947	0.007	79.0	26.373446226119995
36	-1.4677731	0.16165692	-1.2645804	-1.7168772	200.0	-0.74146104	0.001841941	-0.7329334	-0.7437536	37000	-1.3053417e-08	0.005478103	-0.011992486	-2.0352192e-05	0.07600073	0.0039485763	0.015	79.0	27.07924175262451
37	-1.3494728	0.12361645	-1.1549424	-1.5030879	200.0	-0.74499685	0.00166705	-0.74111193	-0.7480011	38000	2.5868415e-08	0.005070426	-0.010163697	-0.002343788	0.050635226	0.0044234646	0.019	79.0	27.7893328666687
38	-1.1910946	0.081835076	-1.058674	-1.2677644	200.0	-0.6965868	0.004161294	-0.68270546	-0.7037191	39000	-2.2888184e-08	0.004395621	-0.009785295	-0.002551986	0.030720958	-0.00084461947	0.004	79.0	28.525295972824097
39	-1.1551459	0.12190562	-1.019268	-1.3418461	200.0	-0.6472822	0.0025230143	-0.6377664	-0.6520915	40000	6.657839e-08	0.005394207	-0.010623412	-0.0019406481	0.005705597	0.000994687	0.009	79.0	29.26456379890442
40	-1.1664808	0.097682156	-1.0845816	-1.3043679	200.0	-0.6040426	0.0022901376	-0.5989671	-0.60943055	41000	-4.23193e-09	0.0021075546	-0.011483621	-0.000101342564	-0.018403655	0.00095388317	0.006	79.0	30.01654577255249
41	-1.0347443	0.057461828	-0.93088394	-1.1045773	200.0	-0.59375316	0.002939811	-0.5870383	-0.5996736	42000	2.9802322e-08	0.0041155536	-0.010035288	-0.0015382406	-0.045415744	0.001691376	0.016	79.0	30.739254474639893
42	-1.046149	0.112759024	-0.8518716	-1.1855724	200.0	-0.5547929	0.003165693	-0.54311097	-0.5624889	43000	-5.1259996e-09	0.0032345594	-0.009835812	-0.00025967602	-0.06640122	0.00022475063	0.005	79.0	31.452008485794067
43	-1.0202935	0.14856249	-0.774895	-1.2181767	200.0	-0.538897	0.0028249386	-0.53254193	-0.54389435	44000	1.5530736e-08	0.0029257974	-0.01292594	-0.00026303134	-0.09050822	0.0053220424	0.028	79.0	32.16886115074158
44	-0.9147512	0.10640521	-0.74349624	-1.0612	200.0	-0.5228586	0.0024033198	-0.51712525	-0.52734584	45000	1.9490718e-08	0.0031487674	-0.009334196	-0.0011105197	-0.114219666	0.001526143	0.01	79.0	32.950730085372925
45	-0.84216803	0.06567803	-0.734167	-0.94008327	200.0	-0.48920268	0.002102371	-0.48333666	-0.4936264	46000	-3.093481e-08	0.0037579325	-0.011793659	-0.0024435837	-0.1353037	0.0012815516	0.017	79.0	33.73826003074646
46	-0.85110795	0.080633685	-0.78022385	-0.9969204	200.0	-0.43947577	0.0014724727	-0.43578795	-0.44208372	47000	-1.6465783e-08	0.0013485943	-0.01015655	-5.3787604e-05	-0.1589012	0.0011450201	0.005	79.0	34.47934532165527
47	-0.80227053	0.042885475	-0.72912985	-0.8483088	200.0	-0.4322293	0.0010565973	-0.42959324	-0.43442452	48000	-2.875924e-08	0.0016610812	-0.009643547	-0.00045060785	-0.1849929	-0.00030672766	0.003	79.0	35.21116304397583
48	-0.74715936	0.0930007	-0.6012344	-0.8666376	200.0	-0.4103683	0.001855943	-0.40564203	-0.41366345	49000	3.8981437e-08	0.0022687512	-0.008310166	-0.00061525835	-0.20950736	0.00091704197	0.005	79.0	35.97497034072876
49	-0.71596634	0.03793882	-0.6671636	-0.77435565	200.0	-0.38548028	0.0012292782	-0.38234192	-0.38770345	50000	-9.790063e-09	0.0007772427	-0.009849523	-0.00023987377	-0.23098487	-0.00010703874	0.006	79.0	36.860703468322754
