Epoch	AverageEpRet	StdEpRet	MaxEpRet	MinEpRet	AverageTestEpRet	StdTestEpRet	MaxTestEpRet	MinTestEpRet	EpLen	TestEpLen	TotalEnvInteracts	AverageQ1Vals	StdQ1Vals	MaxQ1Vals	MinQ1Vals	AverageQ2Vals	StdQ2Vals	MaxQ2Vals	MinQ2Vals	LossPi	LossQ	Time
1	-9.46159	2.7993057	-4.8024554	-11.8885	31.505112	2.7181752	39.409332	29.180285	1000.0	1000.0	3999	1.3187973	1.8751554	12.122844	-2.5449407	1.3190482	1.8744057	12.1284075	-2.442735	-2.1083612	0.11389993	51.920342206954956
2	-4.580446	7.2575364	4.773741	-12.875359	26.25445	1.110936	27.796728	24.549686	1000.0	1000.0	7999	11.654134	5.7622156	39.568146	-0.995047	11.653948	5.762417	39.214485	-1.4842137	-13.668435	0.52370065	120.82526016235352
3	9.922716	13.59705	23.646025	-3.9739337	14.598391	3.2810388	23.377338	11.514749	1000.0	1000.0	11999	31.13638	8.063228	61.277702	9.675758	31.135405	8.069388	61.02237	10.361603	-33.714813	0.93242556	185.03735303878784
4	15.590256	7.1308184	26.797192	7.4029937	13.958315	1.6193963	16.401665	10.957869	1000.0	1000.0	15999	48.246094	7.1053667	76.03453	27.309591	48.246456	7.1107097	73.224686	26.72051	-49.83824	0.9237212	251.0316104888916
5	20.885788	1.4099423	22.945261	19.027157	17.068024	2.0573382	20.809937	12.981604	1000.0	1000.0	19999	52.34853	8.8320265	94.465416	24.498653	52.34865	8.836229	91.90199	24.502554	-53.110287	0.6776839	318.02821803092957
6	2.0073726	16.72576	20.891737	-14.976048	-13.362178	2.0287306	-10.459022	-15.599982	1000.0	1000.0	23999	52.521374	10.341398	94.755165	22.373537	52.52126	10.342334	91.55473	22.370546	-53.494995	0.51611465	383.35296511650085
7	-5.969387	7.241529	6.353844	-12.228386	-7.706095	1.0861611	-5.9315267	-9.587258	1000.0	1000.0	27999	61.355526	9.701968	104.81146	34.593758	61.35544	9.6988325	105.46619	34.5393	-62.158783	0.3402939	449.9731843471527
8	10.151131	15.844649	35.396458	-6.3462853	10.772866	0.66334033	12.068143	9.838104	1000.0	1000.0	31999	65.13341	13.320286	104.52343	33.771034	65.133415	13.319692	104.015305	33.545185	-65.554535	0.3077982	518.0914249420166
9	5.2155557	7.792374	14.492419	-5.6051774	-3.7854934	6.829339	10.771505	-9.561064	1000.0	1000.0	35999	65.22724	12.9075165	99.795204	23.948221	65.227585	12.907935	100.83639	24.359423	-65.58137	0.3477266	584.5173375606537
10	9.906522	6.6331534	20.910751	3.6150312	14.659103	1.0759274	16.702557	12.798098	1000.0	1000.0	39999	62.345615	13.188757	96.805374	11.385291	62.34539	13.1897	97.165054	11.376334	-62.580822	0.3985909	648.4083158969879
11	13.688299	4.8020754	19.242167	6.011894	28.35908	1.2325531	31.595861	26.983997	1000.0	1000.0	43999	61.600266	13.497074	93.40275	11.14536	61.600204	13.498672	93.39505	11.006491	-62.219845	0.3788249	718.916698217392
12	27.234896	6.5076294	32.86018	16.411531	3.9195106	3.1275804	8.881313	-1.4401935	1000.0	1000.0	47999	60.8391	13.625211	93.22185	15.266705	60.839024	13.625296	93.538635	15.490589	-61.291187	0.22169128	783.3290302753448
13	13.924171	8.455008	27.614902	6.634868	22.515846	1.0335513	24.015137	20.693018	1000.0	1000.0	51999	61.15653	12.107727	90.17101	19.651512	61.156414	12.108474	90.228294	19.755972	-61.76368	0.18260199	849.1060707569122
14	38.859283	4.734219	46.98282	35.169144	42.19348	0.5717736	43.004017	40.98838	1000.0	1000.0	55999	61.31905	10.672316	87.691505	20.74215	61.31907	10.672043	87.11985	20.684244	-61.891205	0.16617438	914.8832340240479
15	0.265054	15.358915	26.431337	-11.214622	-4.956273	1.846321	-0.030739272	-6.6407995	1000.0	1000.0	59999	61.742577	11.696542	88.78697	19.559877	61.74252	11.69628	89.08661	19.599298	-62.38611	0.20966342	981.0508134365082
16	51.429916	13.648573	64.822174	33.767494	32.17994	6.0242014	48.92273	26.949799	1000.0	1000.0	63999	61.88948	12.179752	89.329834	24.072771	61.889423	12.180291	88.71557	24.10495	-62.37954	0.20773788	1042.7747175693512
17	40.63421	7.0707717	48.57295	29.242638	52.95641	1.6704972	56.288105	50.62323	1000.0	1000.0	67999	60.48005	11.153185	88.24707	32.972607	60.480145	11.153365	87.202286	32.546543	-60.8496	0.19017608	1110.3763313293457
18	45.310013	4.3669224	50.82492	38.741673	37.834064	5.0276394	42.29382	29.482822	1000.0	1000.0	71999	58.886574	11.002065	88.492	33.731018	58.886665	11.002069	88.62628	33.85199	-59.259445	0.17332645	1185.710788488388
19	39.13998	5.353007	44.20596	30.743753	42.88404	0.7125381	43.99445	41.909695	1000.0	1000.0	75999	57.170834	11.930104	88.77203	29.314035	57.17088	11.929381	89.06937	28.944658	-57.474194	0.1472392	1261.5526144504547
20	43.73744	3.5764706	49.89007	41.041042	43.087822	1.9380528	45.783066	39.56927	1000.0	1000.0	79999	55.09986	12.201826	86.91597	24.637754	55.09987	12.201432	86.71294	24.592974	-55.472694	0.12779953	1328.6248314380646
21	40.867073	2.8504717	44.23858	36.349728	33.80956	0.9431587	35.417698	32.40975	1000.0	1000.0	83999	53.27376	11.857209	84.931854	24.003584	53.273746	11.856996	85.02504	23.804327	-53.555603	0.115592636	1393.8959658145905
22	38.430187	2.663675	42.705242	35.53935	41.91075	4.570159	45.2339	32.63892	1000.0	1000.0	87999	51.433254	11.624895	82.81397	21.171976	51.43326	11.624852	82.86096	21.414082	-51.68339	0.10559288	1458.9977388381958
23	41.669197	1.0079654	43.260025	40.462925	39.286545	1.4770054	42.09864	37.25319	1000.0	1000.0	91999	49.51385	11.754241	80.64223	19.822027	49.513836	11.754287	80.6525	19.98032	-49.733913	0.09457422	1521.3500277996063
24	42.899654	0.5612748	43.736485	42.215046	48.024414	4.9666457	53.431744	35.47769	1000.0	1000.0	95999	47.53402	11.987955	79.375435	17.642166	47.534016	11.987888	79.62626	17.433685	-47.7384	0.087613344	1589.2800033092499
25	35.94531	10.783985	44.56088	18.059195	40.202354	8.530745	45.300934	14.8986635	1000.0	1000.0	99999	45.63258	12.159906	77.274475	17.484991	45.63259	12.1600275	77.47109	17.350199	-45.830166	0.0794042	1656.160293340683
26	43.498253	2.3175051	46.432125	40.10372	40.857197	5.9081078	47.14009	33.828526	1000.0	1000.0	103999	43.750107	12.05972	75.3981	19.477879	43.750134	12.059964	75.519135	19.392614	-43.916626	0.07833375	1707.8020858764648
27	40.82729	5.6010456	47.17318	33.740837	36.16166	4.394976	49.12956	33.20772	1000.0	1000.0	107999	41.970036	12.008375	74.12078	18.264547	41.97002	12.008367	74.097984	18.30405	-42.109463	0.07513933	1749.5104978084564
28	45.144302	4.787046	52.632385	39.387867	41.106537	1.0607833	42.232704	38.417557	1000.0	1000.0	111999	40.25382	11.94386	73.14171	15.032498	40.253784	11.943925	73.13311	14.732324	-40.381805	0.07641713	1793.714029788971
29	43.0701	1.1085409	44.23466	41.506744	41.18357	0.92105323	42.24112	39.0256	1000.0	1000.0	115999	38.59699	11.943675	71.43909	12.447885	38.597023	11.943801	71.28859	12.797458	-38.74461	0.071193896	1834.2284805774689
30	45.68049	5.2161436	53.181763	40.548172	43.39048	1.4101574	45.688435	40.9198	1000.0	1000.0	119999	36.968132	12.046461	69.993095	11.629088	36.968143	12.046523	69.87736	11.652403	-37.11366	0.06511208	1879.4383738040924
31	54.319542	4.873146	60.13308	46.659786	51.925232	6.3737335	60.991432	38.13402	1000.0	1000.0	123999	35.41907	12.120668	69.40995	10.026733	35.419033	12.120623	69.526115	9.98175	-35.536133	0.07005279	1918.315271615982
32	43.01027	7.1075907	51.608955	31.83933	50.56888	3.646313	53.88408	42.97761	1000.0	1000.0	127999	33.905533	12.016895	69.02802	6.939115	33.905556	12.01688	69.06849	6.7814646	-34.015564	0.0670294	1959.342357158661
33	52.863068	0.73295265	53.74563	51.95408	51.499947	3.9311953	55.411747	43.811153	1000.0	1000.0	131999	32.44207	11.976932	67.50439	-1.9249785	32.44209	11.976584	67.62683	-1.3792461	-32.60317	0.060436103	2003.8565783500671
34	48.62716	3.9231815	55.152847	45.1332	42.02342	3.7249584	47.69876	37.1797	1000.0	1000.0	135999	31.165918	11.924906	66.69962	-2.0085053	31.165947	11.92471	66.87077	-2.35422	-31.271915	0.055795692	2046.5516855716705
35	48.551777	4.594962	54.71289	43.119717	47.193226	1.3479642	48.705963	44.800613	1000.0	1000.0	139999	30.040972	11.855742	65.25357	-1.0090635	30.040932	11.855539	65.32314	-0.804423	-30.165035	0.05200276	2087.5407564640045
36	45.84673	2.3473384	49.4505	43.58976	38.000504	3.883734	43.243866	33.034378	1000.0	1000.0	143999	28.940382	11.805313	63.874214	6.255743	28.94045	11.805085	63.85473	6.5771456	-29.02948	0.05077192	2127.209396839142
37	44.11336	2.587439	47.88826	41.07849	48.27469	4.3448863	53.044308	43.06559	1000.0	1000.0	147999	27.83496	11.772862	63.192047	7.8915863	27.834965	11.772814	63.10078	7.665139	-27.951298	0.051650297	2174.991374015808
38	47.489197	4.230742	53.248455	42.16382	47.564575	3.5259318	53.035923	44.00276	1000.0	1000.0	151999	26.688684	11.743464	62.62095	5.962376	26.688713	11.743466	62.573128	6.2435346	-26.768976	0.04952168	2219.4922227859497
39	47.29382	3.7469015	51.352646	42.918896	45.549007	2.700793	50.96674	43.200455	1000.0	1000.0	155999	25.608807	11.59771	61.320343	6.624215	25.608788	11.597562	61.424355	7.0413046	-25.70633	0.047798272	2262.7018690109253
40	43.277023	0.8931612	44.53863	42.228043	44.57502	2.0191054	49.96682	42.538464	1000.0	1000.0	159999	24.599615	11.424753	59.41698	6.9836783	24.599623	11.424631	59.232014	6.1371655	-24.693207	0.046729278	2304.8746633529663
41	44.068115	1.4715304	45.603764	42.47215	41.35231	5.315585	45.975086	26.924513	1000.0	1000.0	163999	23.699446	11.253295	56.76444	5.8554983	23.69947	11.253204	56.841194	5.4242043	-23.839981	0.0439243	2349.5102462768555
42	39.52016	7.214093	51.404	31.92283	43.552208	3.360534	48.644592	39.26587	1000.0	1000.0	167999	22.96207	11.267674	55.799717	4.574273	22.962074	11.267646	55.812855	4.7481375	-23.058893	0.042655054	2394.40322637558
43	50.15213	4.651423	56.875988	43.73104	53.36689	2.6148036	56.566807	47.359867	1000.0	1000.0	171999	22.251343	11.25437	55.3397	3.0368736	22.251406	11.254443	55.37938	1.7931972	-22.360481	0.046673577	2438.6827940940857
44	49.917164	6.273309	56.74078	39.731403	47.30615	4.4902797	53.192844	39.289898	1000.0	1000.0	175999	21.52683	11.312755	54.45954	1.099213	21.526848	11.312746	54.429146	1.1927255	-21.683947	0.04936462	2479.3832728862762
45	45.282444	6.282765	52.80556	35.67847	53.05523	3.3056781	58.73667	44.636703	1000.0	1000.0	179999	20.895443	11.30758	53.689682	0.40603358	20.89545	11.307615	53.585587	-0.9485584	-21.048399	0.04890811	2521.1435329914093
46	52.209156	0.9754006	53.839798	51.255894	51.20265	2.928623	54.375828	43.909073	1000.0	1000.0	183999	20.328047	11.366953	53.258972	-0.30406415	20.32806	11.366839	53.30612	-1.0137575	-20.455723	0.049490158	2562.2535667419434
47	48.59275	4.2997823	51.891113	41.2522	50.035	2.9945738	52.29454	43.122158	1000.0	1000.0	187999	19.746126	11.357845	52.6017	-1.3176789	19.746193	11.357877	52.614147	-1.6597023	-19.852438	0.050600987	2601.0565025806427
48	48.38183	2.939902	52.171524	43.92106	49.74755	1.2437531	51.85285	48.18063	1000.0	1000.0	191999	19.120037	11.350239	52.13523	-2.199828	19.120058	11.350125	52.140762	-3.3134875	-19.228054	0.046989076	2645.013120651245
49	47.495228	4.3692384	52.63421	41.648266	48.299664	3.1493707	52.831852	43.061344	1000.0	1000.0	195999	18.461922	11.210029	52.146706	-2.5386434	18.461943	11.2099285	52.132694	-3.6887934	-18.579172	0.04500863	2695.9388494491577
50	48.41345	2.926089	51.891834	43.781567	50.855762	0.95751923	52.345135	49.54412	1000.0	1000.0	199999	17.88899	11.162135	52.11399	-3.4299088	17.888998	11.1621065	52.176674	-3.3891726	-17.987267	0.043642327	2737.0739426612854
51	47.406387	4.4586334	50.539455	39.739883	47.82749	4.0462155	53.870735	43.529087	1000.0	1000.0	203999	17.196114	11.0648365	51.956997	-4.070923	17.19613	11.064813	52.00599	-4.8733726	-17.294987	0.041687522	2776.9646441936493
52	51.116917	0.6934686	52.230408	50.364845	47.195305	3.8149657	50.649967	40.03434	1000.0	1000.0	207999	16.574797	11.035974	51.68212	-5.2669835	16.574806	11.03582	51.539223	-5.1770225	-16.686295	0.04078569	2818.2279076576233
53	48.3626	5.280116	53.443806	39.53489	51.430286	0.69982857	52.733368	50.76014	1000.0	1000.0	211999	15.9987135	11.023574	51.520252	-6.0855145	15.998685	11.0234375	51.42831	-6.168458	-16.131403	0.04090223	2860.4159169197083
54	52.36925	0.5400498	52.8232	51.480953	52.99828	1.7087398	57.77295	51.403774	1000.0	1000.0	215999	15.406412	10.99079	51.30734	-7.427571	15.406402	10.990644	51.136112	-7.4375362	-15.528464	0.038902257	2907.026174068451
55	51.959503	0.6427233	52.693565	50.94176	53.413464	0.6751938	54.718185	52.461174	1000.0	1000.0	219999	14.946605	11.079311	50.806564	-9.034513	14.946574	11.079192	50.828968	-9.179337	-15.008845	0.037925936	2957.114256620407
56	53.30092	0.9906896	54.28197	51.72393	52.93102	0.20135581	53.28075	52.609104	1000.0	1000.0	223999	14.455812	11.119139	50.677773	-10.93926	14.455853	11.119041	50.632057	-10.949767	-14.527523	0.038166746	3002.6819140911102
57	52.378822	0.98376983	53.876812	51.388977	52.33216	0.6031471	53.502346	51.568356	1000.0	1000.0	227999	13.9475	11.091065	49.453964	-12.658883	13.947517	11.090927	49.609142	-12.994404	-14.051592	0.03806909	3048.1400575637817
58	54.755093	1.9645641	57.99719	52.70035	53.12597	1.7865403	55.130283	48.94342	1000.0	1000.0	231999	13.522922	11.073916	48.902046	-13.379015	13.522943	11.073828	49.125534	-13.579463	-13.636677	0.037566002	3089.598688840866
59	53.18431	0.5364748	53.79363	52.32039	53.596416	1.7192245	56.66364	51.360947	1000.0	1000.0	235999	13.10425	10.981053	48.253937	-14.556002	13.104261	10.980939	48.391167	-14.694067	-13.203431	0.036068972	3136.37318110466
60	53.487564	0.93374586	54.89511	52.321598	51.958458	2.0295155	53.92456	46.14987	1000.0	1000.0	239999	12.708093	10.979613	47.30624	-16.308027	12.708098	10.979505	47.277573	-16.536589	-12.812319	0.03738178	3182.2127056121826
61	51.134308	2.843728	53.962578	46.442852	52.391865	1.0444943	53.860977	50.293068	1000.0	1000.0	243999	12.351048	11.001176	47.071445	-17.782671	12.351037	11.001071	47.110825	-17.838139	-12.454076	0.037609313	3225.634515762329
62	50.189926	3.4698496	52.823837	44.221764	50.70331	2.770392	53.50932	43.574146	1000.0	1000.0	247999	12.002824	11.00525	47.163292	-18.91652	12.00287	11.005216	47.246662	-19.084942	-12.093658	0.037682723	3273.7049503326416
63	51.520706	1.4730421	53.971004	50.07436	50.55066	2.9818666	54.220913	44.32819	1000.0	1000.0	251999	11.64826	10.923905	47.004395	-19.182817	11.648282	10.923796	47.047916	-19.303724	-11.747883	0.037854522	3317.8598759174347
64	49.470093	3.4949472	53.559097	44.30011	46.11919	3.8814807	50.738895	39.52115	1000.0	1000.0	255999	11.468145	10.838222	46.75552	-18.852291	11.46819	10.838159	46.867676	-19.086405	-11.563864	0.036199775	3361.1092824935913
65	46.216522	4.790748	51.254097	39.461395	46.93175	3.7562883	52.451355	40.675488	1000.0	1000.0	259999	11.26894	10.743864	47.010956	-18.678904	11.268955	10.743819	47.109604	-18.89931	-11.376408	0.03687165	3408.2184240818024
66	49.252613	0.9741789	50.13319	47.618668	40.873615	2.31508	44.095284	36.5089	1000.0	1000.0	263999	11.047654	10.657244	47.26015	-18.424084	11.047691	10.657117	47.37935	-18.737207	-11.12351	0.03672917	3456.823734998703
67	44.13711	4.074933	48.45898	39.88062	48.34979	4.835332	54.351334	40.01284	1000.0	1000.0	267999	10.817896	10.6336	47.33972	-17.44794	10.8179035	10.633423	47.441574	-17.662865	-10.862888	0.03617926	3500.5680027008057
68	52.506695	0.6434482	53.038116	51.42897	53.474518	1.5549477	56.43497	51.420452	1000.0	1000.0	271999	10.633918	10.633704	47.41518	-15.877689	10.633934	10.633472	47.38687	-16.118727	-10.708992	0.03626801	3542.1505963802338
69	54.27005	0.92361736	55.47764	52.98636	51.716106	1.8403736	55.44953	48.75992	1000.0	1000.0	275999	10.324983	10.609548	47.279263	-15.553003	10.324996	10.609334	47.402794	-15.677736	-10.391313	0.03596801	3585.4923100471497
70	51.63022	2.1197188	54.273197	48.497574	56.20932	3.5396652	60.148384	49.702644	1000.0	1000.0	279999	10.072724	10.669853	47.49368	-15.234633	10.07276	10.669671	47.61971	-15.384527	-10.138842	0.037326843	3631.008352279663
71	51.858284	3.4796815	56.611584	48.34164	57.427254	3.3973958	60.763454	51.773373	1000.0	1000.0	283999	9.784258	10.67636	47.69877	-14.889387	9.784248	10.676314	47.73233	-15.158311	-9.846444	0.037417717	3677.3778829574585
72	52.162907	2.289913	56.113472	50.536938	48.85195	1.0188874	50.95165	47.26434	1000.0	1000.0	287999	9.523555	10.719456	47.88583	-14.299341	9.523608	10.719334	47.835556	-14.428371	-9.577302	0.036053184	3721.0525765419006
73	48.1696	2.504934	51.687687	44.96368	52.46047	0.8876784	54.02141	51.067	1000.0	1000.0	291999	9.304421	10.7692175	48.348045	-13.729603	9.304441	10.769172	48.40632	-13.08055	-9.368237	0.03614174	3762.5944867134094
74	50.2388	1.5618901	52.6901	48.353165	49.619846	2.7494335	56.286934	46.239227	1000.0	1000.0	295999	9.033023	10.756792	48.418453	-11.639208	9.03303	10.756776	48.488358	-11.490713	-9.094516	0.034362752	3804.4372277259827
75	52.827324	0.6453829	53.59681	51.941162	57.471283	4.6089525	64.77482	52.534706	1000.0	1000.0	299999	8.792601	10.752672	48.489334	-15.05566	8.792611	10.752679	48.402214	-15.645895	-8.853041	0.035394073	3849.0825333595276
76	52.6781	2.2878134	56.277157	50.622902	49.38934	2.5693645	53.793594	46.73806	1000.0	1000.0	303999	8.518689	10.693248	48.07124	-22.374002	8.518714	10.693227	48.18179	-22.371641	-8.603574	0.036033828	3893.1861407756805
77	48.071293	1.3386216	49.68001	46.242	46.682068	1.0957716	49.147842	45.394283	1000.0	1000.0	307999	8.268436	10.720547	47.699787	-24.604248	8.268447	10.720528	47.65115	-24.704332	-8.337918	0.03578031	3938.9005587100983
78	48.75031	2.876434	52.635548	45.259964	55.396873	0.84699285	56.53703	53.91368	1000.0	1000.0	311999	8.084414	10.766976	47.29874	-28.844002	8.084436	10.766902	47.333973	-28.74841	-8.131603	0.035403732	3982.638140439987
79	56.425076	0.923197	57.99849	55.65938	54.723595	1.1177756	56.700634	53.40298	1000.0	1000.0	315999	7.913039	10.760714	47.11915	-29.874176	7.91306	10.760578	47.094997	-29.888803	-7.984282	0.03688669	4029.8764498233795
80	53.493515	0.9148461	54.819393	52.2546	51.54057	6.175786	57.79794	42.937984	1000.0	1000.0	319999	7.6836867	10.674796	46.452435	-34.401936	7.683695	10.674717	46.32799	-34.91264	-7.710502	0.036624502	4081.503028154373
81	53.621395	1.2748625	54.949875	52.116177	53.266357	1.7836225	56.427917	50.93573	1000.0	1000.0	323999	7.533525	10.669651	45.97302	-37.730495	7.5335345	10.669544	45.95973	-38.017567	-7.5632315	0.036620963	4123.08216547966
82	52.51169	1.8880422	54.762928	49.52506	51.933636	1.318301	54.08176	49.624866	1000.0	1000.0	327999	7.3820524	10.680569	46.068733	-38.084053	7.3820744	10.680481	46.052677	-37.80316	-7.4754553	0.034938656	4168.987484931946
83	49.916138	2.7773147	52.87754	45.872913	52.595142	2.320317	55.586987	49.764122	1000.0	1000.0	331999	7.280291	10.6562395	45.945053	-37.862675	7.2803226	10.656089	46.10048	-37.5234	-7.348985	0.035210077	4219.213080406189
84	51.52288	0.87749934	52.756935	50.378403	52.33379	1.3022211	54.257515	50.141644	1000.0	1000.0	335999	7.1969676	10.577115	46.064434	-37.857174	7.196995	10.576845	46.157234	-38.21526	-7.295387	0.036684204	4267.648709774017
85	50.037643	1.680751	52.01279	48.103413	56.152996	5.143418	63.279934	49.35645	1000.0	1000.0	339999	7.113881	10.541498	46.34673	-36.49499	7.1139345	10.541459	46.359028	-36.836395	-7.1984057	0.03808383	4313.925014734268
86	53.6453	2.8785372	58.438217	51.157726	65.215126	3.1919343	68.20669	56.093178	1000.0	1000.0	343999	7.0636992	10.479828	45.945446	-40.743595	7.063727	10.4798565	46.175205	-40.19793	-7.117879	0.03774791	4360.2795333862305
87	56.496567	1.754618	58.36185	53.68021	59.614758	5.162847	66.29427	54.820515	1000.0	1000.0	347999	6.979733	10.436946	45.828648	-42.045082	6.979779	10.436953	45.925335	-44.23664	-7.0368176	0.037000474	4410.282548666
88	55.850845	1.4189068	57.412495	54.15124	53.232018	5.403759	58.149834	39.702168	1000.0	1000.0	351999	6.8665195	10.394156	45.463074	-43.401978	6.866568	10.394094	45.65252	-42.5899	-6.9372196	0.036166947	4458.559117078781
89	53.49933	2.4490926	56.024532	49.774193	53.703075	7.36089	58.669262	38.58847	1000.0	1000.0	355999	6.8010144	10.26913	45.322956	-40.56342	6.8010406	10.269039	45.486633	-40.778286	-6.8748846	0.035173908	4511.753103017807
90	56.140106	0.7950496	56.723885	54.770786	52.528553	5.065834	57.37997	41.719856	1000.0	1000.0	359999	6.6761937	10.232967	45.398384	-37.827282	6.676216	10.232872	45.43418	-38.165184	-6.749551	0.037277002	4563.627619504929
91	56.490387	2.0369742	59.379814	53.618435	54.196503	3.281985	56.22308	44.4714	1000.0	1000.0	363999	6.5379696	10.242809	45.640617	-41.878822	6.5379786	10.242742	45.61834	-42.183865	-6.6359787	0.038271252	4612.902112483978
92	54.51165	1.9662495	56.604248	51.996742	56.12095	2.7371886	61.05789	52.94578	1000.0	1000.0	367999	6.3213215	10.26026	45.514137	-44.52375	6.321356	10.260097	45.534184	-44.814705	-6.4033504	0.039150458	4658.000787496567
93	51.887005	3.7261481	56.68839	46.403687	51.956085	3.006889	56.89883	47.608646	1000.0	1000.0	371999	6.1205893	10.284466	45.177395	-44.571083	6.12059	10.28436	45.365765	-44.58529	-6.198493	0.039785102	4705.139144420624
94	49.445366	3.5662494	53.41599	45.62662	57.022503	7.9927917	65.41799	45.687443	1000.0	1000.0	375999	6.0544825	10.271024	45.172176	-44.744377	6.054516	10.270988	45.069927	-42.657322	-6.15123	0.040432937	4751.759636640549
95	44.38668	1.8913529	47.501194	42.65878	48.038155	1.145961	49.40243	45.952126	1000.0	1000.0	379999	5.906252	10.243464	44.590893	-38.93394	5.9062967	10.243393	44.628517	-38.90669	-5.99068	0.03967861	4799.086577177048
96	52.76126	9.328882	68.80969	46.24257	51.306103	1.298853	53.623302	49.62485	1000.0	1000.0	383999	5.709856	10.162515	44.4756	-34.07076	5.709872	10.162347	44.541283	-34.403076	-5.7880874	0.03986978	4849.719360113144
97	49.02697	1.93836	50.65718	45.720554	56.21222	5.1678243	63.95924	50.963524	1000.0	1000.0	387999	5.538853	10.091754	43.700592	-30.345587	5.5388646	10.091792	43.79351	-30.474442	-5.5938897	0.04085468	4899.475097894669
98	51.674736	1.1122409	52.90465	50.519253	54.534058	2.7103367	60.70555	50.137	1000.0	1000.0	391999	5.329226	9.983822	43.594795	-29.005505	5.32923	9.98383	43.627445	-28.643753	-5.378477	0.039302055	4949.984157562256
99	57.7814	6.4203753	65.26932	50.961357	54.52836	4.120984	63.043785	51.17094	1000.0	1000.0	395999	5.1710196	9.946476	43.722836	-29.042421	5.1710377	9.946471	43.61728	-28.485094	-5.2498093	0.039529406	4997.907989740372
100	53.34429	0.9469813	54.448814	51.847424	58.042774	7.0702844	68.424194	49.205883	1000.0	1000.0	399999	4.9413133	10.007095	43.89798	-28.381025	4.9413323	10.007182	43.84018	-28.89831	-5.0300655	0.042179517	5042.661400794983
101	64.56648	2.5661538	67.185684	60.809856	71.79002	2.3295953	75.58797	67.9676	1000.0	1000.0	403999	4.8179245	10.064287	44.116364	-27.440615	4.8179383	10.064318	44.130173	-28.374023	-4.923058	0.04487285	5083.374604463577
102	68.10642	5.9956346	77.02882	61.542076	63.81957	5.292412	69.883095	51.93566	1000.0	1000.0	407999	4.633288	10.023817	44.112484	-26.82791	4.633273	10.024054	44.044445	-26.833632	-4.737709	0.052385744	5128.762216806412
103	55.309383	1.7882738	58.33984	53.871597	55.935608	5.837599	62.05165	45.15621	1000.0	1000.0	411999	4.315779	9.970173	43.149006	-22.950989	4.315791	9.970423	43.37624	-23.120974	-4.4477997	0.05446569	5172.488850355148
104	55.759182	5.438752	63.40478	48.499287	53.219105	0.90929425	54.867558	51.73186	1000.0	1000.0	415999	4.238128	9.910923	43.073692	-18.29707	4.2382092	9.911051	43.054718	-18.858282	-4.337502	0.054296043	5216.663607597351
105	58.849922	14.55751	82.28086	42.44313	69.49945	3.7371175	75.880135	64.8684	1000.0	1000.0	419999	4.0451	9.8907175	42.79937	-16.417288	4.045069	9.890681	42.88337	-16.741041	-4.13149	0.050715882	5259.048737287521
106	81.782326	13.261937	101.52868	67.11567	86.569885	8.616739	98.97239	68.7206	1000.0	1000.0	423999	4.005722	9.7827	42.552773	-16.167568	4.005723	9.782564	42.523037	-16.673449	-4.097066	0.044965025	5298.339667081833
107	61.590412	8.277617	73.34525	51.00822	46.994087	0.9142644	48.90673	45.249474	1000.0	1000.0	427999	3.918575	9.600349	41.8507	-13.907448	3.9185507	9.600357	41.788326	-15.0053425	-3.9660645	0.041479304	5347.557675600052
108	47.31353	4.6878405	53.334507	41.39815	42.436897	1.4705019	44.957253	40.282875	1000.0	1000.0	431999	3.819694	9.529472	41.832138	-13.90365	3.8196669	9.529432	41.70079	-15.183958	-3.8853984	0.041473664	5388.284739494324
109	40.834232	1.2098044	42.723537	39.35066	42.833942	1.1279169	44.942265	41.09989	1000.0	1000.0	435999	3.72817	9.657955	42.03783	-14.431883	3.728218	9.658019	41.869995	-14.861159	-3.7724214	0.043411843	5433.482842206955
110	40.8572	1.1562036	42.79438	39.877407	42.257717	1.7683383	44.92401	39.231277	1000.0	1000.0	439999	3.7513938	9.692984	42.285675	-15.226456	3.7513967	9.692895	42.27275	-15.509144	-3.816868	0.043228857	5475.276793718338
111	43.76043	4.6660385	50.770508	38.198666	52.42472	1.1331886	54.222134	50.518288	1000.0	1000.0	443999	3.6430025	9.647295	42.430042	-15.660004	3.6429656	9.647232	42.361862	-16.560219	-3.6906734	0.04401866	5518.255973100662
112	51.109795	0.29838762	51.58777	50.765415	51.071167	3.6011384	53.864014	42.495323	1000.0	1000.0	447999	3.5932765	9.727119	43.435745	-15.973952	3.593248	9.727037	43.426468	-17.269093	-3.6538184	0.043657724	5559.180878400803
113	51.566715	1.1042541	53.00813	49.906296	51.12473	2.1720896	56.379272	48.593246	1000.0	1000.0	451999	3.5994766	9.789738	43.9729	-16.048597	3.5994768	9.789645	43.87845	-16.204767	-3.642766	0.042562693	5600.933303356171
114	50.94077	0.74582124	51.616108	49.690865	50.870777	4.3196735	55.540726	42.502197	1000.0	1000.0	455999	3.496069	9.752888	44.89673	-16.32046	3.4960818	9.752762	44.72197	-15.298804	-3.583915	0.041797377	5643.128118276596
115	55.45587	3.588337	61.30331	51.965954	55.49566	3.0044792	60.546223	51.586052	1000.0	1000.0	459999	3.4507625	9.752766	45.029182	-16.460693	3.4507985	9.752755	44.851097	-16.929413	-3.524498	0.040133826	5686.664873123169
116	54.226112	3.2157445	59.529316	50.85882	54.0122	0.6060536	54.780533	52.850044	1000.0	1000.0	463999	3.39222	9.727094	44.75506	-16.864895	3.392214	9.727092	44.69836	-17.520634	-3.4651074	0.037956152	5729.657801866531
117	51.248375	4.5782795	55.431484	43.738228	53.28189	1.3246355	55.566463	50.77613	1000.0	1000.0	467999	3.324939	9.668447	44.175194	-17.389513	3.3249502	9.668551	44.19357	-16.192616	-3.356912	0.03728874	5770.311293363571
118	54.741047	4.0064654	61.446423	50.981083	54.361855	1.9560883	57.817013	51.840324	1000.0	1000.0	471999	3.2299788	9.67879	43.17684	-17.58339	3.229951	9.678834	43.123394	-18.13513	-3.2713857	0.038947918	5814.002577781677
119	45.98847	2.0433936	49.146717	43.57102	53.15861	2.2589025	56.087166	49.934547	1000.0	1000.0	475999	3.2504685	9.717113	42.585552	-17.113777	3.2504175	9.717103	42.69193	-17.466557	-3.390606	0.045452446	5853.825022697449
120	44.335278	3.014713	48.960938	40.549183	40.462154	1.5424173	42.900375	38.23947	1000.0	1000.0	479999	3.190146	9.567385	41.879898	-17.306774	3.1901815	9.567351	41.992573	-18.643185	-3.3154361	0.048740294	5898.238253831863
121	43.96954	1.3866527	45.759594	42.07685	45.704205	3.060692	47.917324	37.002773	1000.0	1000.0	483999	3.0746915	9.518682	40.95372	-17.530453	3.0746574	9.518567	40.855057	-19.292238	-3.1854002	0.05070241	5941.726028680801
122	46.58554	1.8164791	49.045662	44.462406	42.923462	4.7454367	46.63351	35.1016	1000.0	1000.0	487999	3.0361168	9.508905	40.407013	-20.520332	3.0360794	9.508883	40.50592	-21.725235	-3.1011186	0.051973283	5984.247381448746
123	43.471573	5.2600737	47.944862	34.526325	46.207363	3.5870514	50.129856	39.99011	1000.0	1000.0	491999	3.041156	9.509403	40.974022	-17.85297	3.0411592	9.50933	40.94599	-18.608511	-3.1106565	0.05095854	6026.986768960953
124	37.15025	6.154823	46.34964	29.04563	31.224445	0.7740651	32.560143	30.090744	1000.0	1000.0	495999	2.9804373	9.3867855	41.00011	-20.643627	2.9804757	9.386742	40.913857	-20.694412	-3.054963	0.046203777	6068.419691085815
125	34.43289	0.821622	35.484726	33.48876	34.96682	1.7680789	37.959026	31.67995	1000.0	1000.0	499999	2.93134	9.186507	40.23354	-18.569794	2.9313865	9.18652	40.376812	-17.908335	-2.9808614	0.044861853	6111.073929548264
126	37.127365	2.4222937	40.07836	33.93066	39.054874	2.8348618	43.923748	34.979923	1000.0	1000.0	503999	2.910075	9.083217	39.98208	-17.544735	2.9100997	9.083234	40.021767	-17.861006	-2.9889066	0.0466443	6152.031381607056
127	53.202164	11.350102	71.02961	39.815067	53.410267	2.5040019	58.372665	48.982975	1000.0	1000.0	507999	2.9679987	9.061668	42.4532	-17.38311	2.9680417	9.061728	42.360443	-17.294003	-3.04607	0.045914862	6195.335976362228
128	52.99288	0.28287226	53.48018	52.80309	58.058746	2.5630856	61.19151	53.56706	1000.0	1000.0	511999	3.0362093	9.033643	43.014614	-17.328726	3.0362492	9.03375	42.745552	-17.56529	-3.1286087	0.047084816	6239.425466060638
129	48.375797	2.4493277	52.189022	45.77113	50.49197	2.200066	56.11734	47.620617	1000.0	1000.0	515999	3.1575775	9.001931	42.724304	-15.848511	3.1576085	9.002086	42.584644	-17.46955	-3.2469091	0.05278908	6294.870404720306
130	74.37499	6.997913	84.0101	67.01319	52.933037	3.6102166	59.5511	48.67952	1000.0	1000.0	519999	3.20298	8.959801	42.95544	-17.481611	3.2029831	8.959951	42.89276	-17.269941	-3.321392	0.051708348	6360.216218709946
131	55.70245	2.7999902	58.752262	51.501858	54.880756	3.0379467	60.586605	51.17728	1000.0	1000.0	523999	3.286898	8.88639	43.07357	-17.293083	3.2869673	8.8864	42.926216	-17.533092	-3.3722394	0.049096864	6424.429167747498
132	56.182747	1.6389619	58.9901	54.893715	52.87257	0.8641584	54.123756	51.507317	1000.0	1000.0	527999	3.3264768	8.892259	42.617294	-19.763344	3.3264568	8.892303	42.77786	-18.314161	-3.4015024	0.04723449	6502.683395147324
133	55.11226	3.8858154	61.636845	51.480522	51.654457	3.10169	54.705486	43.29608	1000.0	1000.0	531999	3.3279035	8.905185	42.10463	-19.477238	3.327903	8.905255	42.030426	-19.465902	-3.4026158	0.045016587	6564.555212497711
134	49.549458	3.121995	53.821198	45.030247	69.67151	4.8798466	80.87126	62.69889	1000.0	1000.0	535999	3.249637	8.862013	42.177155	-21.513813	3.2496207	8.862176	42.172924	-21.792076	-3.3216407	0.04554557	6633.13388466835
135	49.64218	9.613985	64.005264	40.05773	41.717194	3.1917999	44.72909	32.666157	1000.0	1000.0	539999	3.2253807	8.855125	42.092552	-22.779835	3.2253995	8.855229	41.95675	-23.042892	-3.2855716	0.04678782	6699.039965391159
136	43.871258	1.8017453	46.577267	41.914593	42.49069	2.9013188	45.06625	34.3863	1000.0	1000.0	543999	3.1900704	8.854152	41.987278	-23.22049	3.190086	8.854254	42.07663	-23.275131	-3.2667644	0.048261732	6763.577404022217
137	43.28428	4.0512686	46.393562	36.42549	46.203754	0.59619534	47.09498	45.35519	1000.0	1000.0	547999	3.2213762	8.909452	42.164337	-23.733906	3.221403	8.909511	42.084152	-23.996704	-3.2889335	0.050274324	6834.505231618881
138	49.764244	1.8487903	51.212646	46.59527	48.942192	3.3536143	51.935257	40.196503	1000.0	1000.0	551999	3.2466116	8.892615	41.96434	-24.487251	3.246608	8.892633	42.06037	-24.737053	-3.3306735	0.05117883	6898.177667140961
139	49.76188	2.1189413	52.30431	46.74301	48.512486	3.4780898	50.61375	38.264114	1000.0	1000.0	555999	3.270935	8.877347	42.446648	-24.538857	3.270916	8.877406	42.306576	-24.672655	-3.3448186	0.0514476	6970.486976861954
140	48.364487	0.7754149	48.915318	47.027924	49.58764	4.130804	59.783344	46.685852	1000.0	1000.0	559999	3.272661	8.908462	43.358665	-23.424112	3.2726567	8.908545	43.390892	-23.551271	-3.3439415	0.050496705	7033.282408237457
141	53.61916	3.3576114	59.42302	51.337173	59.914986	3.554872	64.58532	55.56655	1000.0	1000.0	563999	3.317546	8.916019	43.78507	-20.989515	3.317555	8.916078	43.59767	-21.109266	-3.3711634	0.051280107	7096.776722431183
142	53.414234	4.171668	60.222404	49.18007	55.73399	3.3655078	59.80404	50.236942	1000.0	1000.0	567999	3.3312354	8.916447	43.877865	-18.58216	3.3312259	8.91631	43.610348	-18.548279	-3.4130538	0.052940957	7158.016766548157
143	56.381737	5.174763	62.292732	50.256115	58.75008	4.9978957	63.76823	50.72725	1000.0	1000.0	571999	3.3026357	8.833922	43.344185	-16.239271	3.3026357	8.833907	43.225903	-16.067999	-3.3678792	0.053645566	7219.391052722931
144	59.168106	4.9904103	64.340004	50.97915	55.559063	3.0501719	59.39052	51.244366	1000.0	1000.0	575999	3.2370503	8.783033	42.62849	-13.980564	3.2370696	8.7830305	42.59599	-13.566873	-3.311908	0.054715425	7282.147524833679
145	56.13717	2.2775793	58.85442	52.54079	50.445198	0.9195389	51.83131	48.802166	1000.0	1000.0	579999	3.2553995	8.7524395	41.604057	-13.809696	3.2554212	8.752381	41.43965	-13.731083	-3.3061683	0.055105712	7344.657682180405
146	55.668995	5.8108296	64.25919	48.053726	55.200043	3.5778453	59.045406	47.089897	1000.0	1000.0	583999	3.2270675	8.741613	40.94043	-12.989158	3.2270536	8.741549	41.02998	-13.410198	-3.3008897	0.053357102	7406.142933607101
147	58.21682	4.3241844	64.78466	52.64089	55.999626	3.326459	59.518078	47.784855	1000.0	1000.0	587999	3.2513137	8.791021	41.32089	-12.679241	3.2512062	8.790946	41.192837	-13.270457	-3.3325584	0.054419335	7472.982186794281
148	59.733593	0.8973095	60.75313	58.816204	58.187084	2.7161355	61.21379	51.461807	1000.0	1000.0	591999	3.2822554	8.801226	41.85998	-12.863881	3.2821846	8.801096	41.87376	-13.438291	-3.354176	0.05080137	7538.200478553772
149	58.59426	7.7749205	71.23351	50.337135	56.367493	4.5103507	65.20638	51.79645	1000.0	1000.0	595999	3.2919571	8.785057	41.771786	-13.068392	3.2918994	8.784879	41.585384	-13.04833	-3.3290622	0.048873052	7599.945716619492
150	51.918396	8.662366	63.014637	38.70614	59.856567	5.012274	64.267105	51.060677	1000.0	1000.0	599999	3.2875576	8.743835	40.75638	-15.031999	3.287494	8.743768	40.57521	-12.997475	-3.3703654	0.04844565	7660.279861688614
151	55.80749	5.7771583	62.52226	48.54164	53.368553	1.3236636	55.516968	51.290253	1000.0	1000.0	603999	3.2769403	8.747143	40.840534	-16.713116	3.2768698	8.747027	40.67248	-16.481932	-3.3612578	0.047017343	7723.051265239716
152	55.647865	2.769741	60.317024	53.537807	56.819283	2.7859516	61.90697	52.862835	1000.0	1000.0	607999	3.2353907	8.745425	40.9659	-22.478256	3.2353735	8.745339	40.665154	-21.52971	-3.2786324	0.044684213	7785.421496152878
153	58.025845	3.198331	61.967434	54.626835	60.552895	3.9040055	66.55229	55.491604	1000.0	1000.0	611999	3.170755	8.701859	41.177124	-24.153309	3.1707263	8.701713	40.52073	-22.759941	-3.2379098	0.045443524	7843.682466268539
154	53.598328	1.1433791	55.57277	52.795586	54.91631	0.99786794	56.198895	52.884995	1000.0	1000.0	615999	3.1036336	8.661251	40.76072	-22.851957	3.1035964	8.661149	40.424885	-21.905573	-3.170335	0.044540297	7907.723115682602
155	54.9274	1.3414893	56.129845	52.865692	55.457756	1.3920714	56.973698	51.924263	1000.0	1000.0	619999	3.043707	8.665881	41.152855	-23.180752	3.0436625	8.665847	41.092037	-22.916773	-3.089072	0.045465842	7967.676754951477
156	53.161915	0.98282164	54.08592	51.548363	56.28475	1.2843535	58.246544	54.261642	1000.0	1000.0	623999	2.9728596	8.679788	41.305645	-27.8155	2.97285	8.679709	40.945766	-28.05413	-3.056938	0.046551254	8029.333280324936
157	54.546272	2.7890434	57.90597	50.66215	50.35603	1.4212275	51.886944	46.6889	1000.0	1000.0	627999	2.9277506	8.66018	41.442085	-35.412384	2.9277287	8.660155	41.085228	-34.240685	-2.9742885	0.0476023	8090.457687139511
158	41.110832	2.8248308	45.48348	37.65076	33.96611	1.6698248	36.185143	30.962547	1000.0	1000.0	631999	2.8526514	8.636653	41.456623	-41.04002	2.8526256	8.636619	41.529114	-40.043884	-2.870956	0.047978494	8146.383706569672
159	48.044403	1.3655622	49.403934	45.92691	57.991528	4.038479	62.831142	51.76123	1000.0	1000.0	635999	2.7841694	8.606099	42.150684	-45.163944	2.784189	8.606153	42.108204	-44.886833	-2.8465683	0.04939617	8189.647466659546
160	54.833427	2.174319	57.781948	52.002136	56.1381	3.2186353	62.215176	52.06229	1000.0	1000.0	639999	2.7467866	8.655606	42.087738	-48.0246	2.7467916	8.655736	42.127132	-47.72154	-2.8161738	0.04980166	8230.218004465103
161	54.228477	4.1226244	61.10052	50.28266	50.846046	2.0239778	53.97899	48.055843	1000.0	1000.0	643999	2.6793506	8.599017	41.865818	-47.606853	2.6793363	8.5989	42.080086	-47.17183	-2.732261	0.05015827	8273.161581993103
162	53.80251	2.631594	58.250484	51.383842	56.710255	3.515309	61.652897	51.625202	1000.0	1000.0	647999	2.7310731	8.635826	42.33021	-45.723003	2.7311041	8.635927	42.709038	-44.096058	-2.8146439	0.051964317	8311.404524803162
163	52.377213	1.7783797	54.07099	49.387383	54.070923	2.1304238	59.62951	51.56562	1000.0	1000.0	651999	2.8480637	8.636186	43.47752	-44.990612	2.8480918	8.636081	43.47873	-44.804768	-2.9241228	0.05217522	8354.489182949066
164	54.79433	2.1232653	58.452675	53.305664	57.562737	2.1650255	63.730797	55.607292	1000.0	1000.0	655999	2.9325159	8.648372	43.801243	-48.274994	2.9324944	8.648145	43.79413	-47.90968	-2.9909635	0.053206965	8396.7672894001
165	59.23441	4.3804245	64.712776	53.390045	57.103798	3.622341	64.57802	53.785137	1000.0	1000.0	659999	2.940093	8.676557	43.49059	-47.960297	2.9400787	8.676436	43.689342	-47.023373	-2.9888997	0.051663436	8444.241636037827
166	57.85469	2.0536494	60.69838	55.819412	57.44454	2.5236437	64.37968	54.652035	1000.0	1000.0	663999	2.9342508	8.668697	42.56593	-47.76428	2.9342744	8.668628	42.521515	-47.121033	-2.9909856	0.050061986	8486.90402340889
167	56.464928	3.4758196	62.391716	53.645363	59.695538	3.8540971	64.86916	54.602386	1000.0	1000.0	667999	2.9005997	8.668717	41.834152	-46.015137	2.9005725	8.668658	41.64352	-46.080517	-2.9377306	0.04922511	8530.088447332382
168	52.066097	3.0234964	54.528946	47.035294	52.846302	1.2893807	55.35061	51.0366	1000.0	1000.0	671999	2.9051628	8.640207	41.778374	-46.753456	2.9051416	8.640034	41.513504	-46.46398	-2.9550815	0.048012484	8574.535125732422
169	52.017075	0.42694902	52.645496	51.525555	53.58973	3.1092427	57.02564	45.021168	1000.0	1000.0	675999	2.959092	8.580582	41.841095	-48.82002	2.959085	8.580407	41.529125	-48.300945	-3.0394936	0.044959765	8620.437992811203
170	53.00193	0.3210756	53.386833	52.525856	53.162853	3.4626634	55.518223	43.248264	1000.0	1000.0	679999	2.8785684	8.542272	41.126778	-50.914692	2.8785415	8.542218	41.040638	-50.93112	-2.9396353	0.044853877	8668.985273361206
171	53.47824	2.5613592	56.567455	50.66156	57.74829	0.7513267	59.109024	56.447453	1000.0	1000.0	683999	2.7793267	8.523598	40.97933	-50.493446	2.7792962	8.523503	40.69129	-50.081604	-2.8240132	0.044692155	8710.719395399094
172	55.6831	1.6252688	57.757893	53.582325	59.132202	4.583531	66.29294	53.70033	1000.0	1000.0	687999	2.716271	8.464523	41.196804	-46.16662	2.7162707	8.464494	41.216557	-46.41699	-2.787546	0.04639647	10325.155537128448
173	60.856186	3.5410259	63.920723	54.95365	59.30645	4.5465612	66.387375	55.149216	1000.0	1000.0	691999	2.723842	8.4708	41.559204	-43.94356	2.7238128	8.47063	41.28176	-43.42929	-2.7842584	0.047829177	10361.608698129654
174	59.481262	2.629719	63.279575	56.562183	61.058655	4.5332284	67.319084	56.319923	1000.0	1000.0	695999	2.7228274	8.546987	41.40664	-46.26567	2.722808	8.546818	41.265274	-43.916073	-2.7887883	0.048121553	10398.315916538239
175	59.744335	3.3020964	63.081482	56.03203	61.298664	0.76023644	62.435654	59.88871	1000.0	1000.0	699999	2.717859	8.565899	41.446037	-42.846214	2.7178288	8.565887	41.45248	-42.388504	-2.7825737	0.047852628	10433.373502492905
176	57.49166	3.2093163	60.8683	52.2154	60.72947	2.7879236	63.831455	55.368584	1000.0	1000.0	703999	2.7103827	8.625951	41.653385	-47.780643	2.7103863	8.626066	41.695393	-47.350998	-2.7765155	0.047059346	10470.590225458145
177	56.388893	3.7494576	60.979603	51.734287	63.087364	2.7664423	66.899315	57.411724	1000.0	1000.0	707999	2.6894248	8.69233	41.434303	-48.384777	2.6894138	8.692347	41.33753	-48.043404	-2.7336915	0.045892548	10507.52038526535
178	60.866577	2.3598917	64.57056	58.466187	63.588776	2.839945	65.86582	56.059395	1000.0	1000.0	711999	2.621806	8.713617	41.224884	-46.468933	2.6217806	8.713616	41.040966	-46.919437	-2.6861458	0.044400588	10545.059109926224
179	62.06266	2.2487314	64.63863	59.630047	60.782665	2.8262017	64.206	54.961876	1000.0	1000.0	715999	2.6063418	8.798756	40.825176	-48.24657	2.6062975	8.798768	40.72902	-47.80406	-2.6744332	0.044331316	10581.721527338028
180	58.9011	2.3408613	62.627083	56.70212	64.067604	2.171604	66.02719	57.88999	1000.0	1000.0	719999	2.60442	8.853154	40.90526	-47.790882	2.6044085	8.853095	40.750687	-47.91466	-2.664939	0.042778876	10616.789124011993
181	59.159668	3.7000923	62.128704	52.85719	63.079773	2.190205	69.08839	60.496773	1000.0	1000.0	723999	2.6078672	8.878258	41.056385	-46.056404	2.607843	8.878212	41.166992	-45.85593	-2.6983302	0.04208403	10654.14107131958
182	59.688244	2.875106	62.655266	55.86395	65.44844	5.0532813	69.72244	56.714455	1000.0	1000.0	727999	2.6083405	8.910893	41.338005	-45.504288	2.6083026	8.91087	40.977448	-44.802544	-2.6609151	0.040588953	10688.878296375275
183	61.23725	2.1170561	62.940334	57.686577	63.99706	2.9024792	66.79758	56.040554	1000.0	1000.0	731999	2.5628865	8.899237	41.11711	-42.93151	2.5628483	8.899175	40.99831	-42.57455	-2.636477	0.039973613	10725.611038684845
184	64.81742	2.889011	68.512955	60.811195	65.479294	2.504852	72.768814	63.27439	1000.0	1000.0	735999	2.5588977	8.922591	40.87989	-40.34374	2.5588725	8.922605	40.97671	-40.506287	-2.6076903	0.038713835	10761.44999074936
185	63.43434	1.6301645	66.00199	61.591557	64.115715	3.752981	67.40691	56.448856	1000.0	1000.0	739999	2.55046	8.938416	40.92811	-37.439754	2.5504298	8.938347	41.004986	-37.26733	-2.6074457	0.037327524	10798.365207910538
186	61.85353	3.7693386	67.316246	56.71026	63.279602	4.1384163	68.212326	57.04743	1000.0	1000.0	743999	2.5584788	8.975003	40.951668	-33.312298	2.558438	8.9749365	40.82837	-33.892258	-2.6315756	0.037678253	10837.352329730988
187	60.174644	2.3498065	63.15946	56.91574	54.881447	1.1564606	56.871223	53.14982	1000.0	1000.0	747999	2.501968	8.952383	40.322357	-28.701609	2.501947	8.952433	40.581753	-29.13747	-2.554806	0.03745799	10875.197346687317
188	55.58731	0.8272908	56.320667	54.29624	54.94944	1.5688654	56.980816	51.294956	1000.0	1000.0	751999	2.4629915	8.92539	40.125507	-26.47192	2.4629493	8.925393	40.50957	-26.57824	-2.526669	0.037411526	10923.814008951187
189	54.48418	0.32165694	55.026505	54.233692	61.338875	5.0705414	68.141754	56.499256	1000.0	1000.0	755999	2.374799	8.845227	39.931675	-23.14362	2.3748245	8.845298	40.220924	-22.807884	-2.4396212	0.037988406	10965.057110071182
190	57.66326	4.819186	65.96426	54.07087	58.786644	5.340496	68.140335	52.98293	1000.0	1000.0	759999	2.377947	8.907219	40.14535	-22.32367	2.377928	8.907183	40.28979	-22.47262	-2.4728746	0.038901877	11005.35956788063
191	58.370697	5.505688	67.51949	53.805195	63.121143	5.216427	69.47809	55.808296	1000.0	1000.0	763999	2.3571131	8.892507	40.11051	-21.979578	2.3571146	8.892528	40.208477	-22.174171	-2.406771	0.03765725	11046.50569653511
192	67.166916	0.920829	68.676865	66.346695	63.795094	4.9808583	68.924576	55.704086	1000.0	1000.0	767999	2.3440516	8.857297	39.77728	-22.989857	2.3440793	8.857318	39.823288	-22.191757	-2.3979995	0.037762552	11106.038074731827
193	61.951874	5.2337484	67.543724	56.24648	63.494484	2.7297559	66.488884	55.959038	1000.0	1000.0	771999	2.3839333	8.912416	39.92153	-22.687449	2.3839192	8.912488	39.891495	-22.43497	-2.432482	0.03618561	11171.365372419357
194	64.52823	1.3767223	66.62993	62.82622	66.25059	1.0623467	68.06715	64.79839	1000.0	1000.0	775999	2.394219	8.890193	40.168194	-23.491283	2.394194	8.890252	40.025097	-23.576168	-2.446827	0.036123406	12837.736332893372
195	64.13014	2.214203	67.56533	61.38071	61.95339	4.670079	67.525475	55.96555	1000.0	1000.0	779999	2.4170523	8.919335	39.992397	-24.247063	2.41701	8.919318	39.918972	-24.345865	-2.4895837	0.036343116	19443.374551296234
196	58.28582	6.36571	66.42855	51.799904	56.427086	3.5998862	66.69703	52.957443	1000.0	1000.0	783999	2.4286792	8.922684	40.019802	-24.831177	2.428667	8.922772	39.86848	-24.608582	-2.5009625	0.036439843	19504.93071436882
197	54.42319	1.9062775	57.546272	52.371998	51.267082	0.87710696	52.319656	49.19199	1000.0	1000.0	787999	2.3304026	8.860103	40.222126	-25.241684	2.3303807	8.8602	40.03903	-25.35005	-2.3907902	0.03655443	19562.96908378601
198	50.706017	2.670038	54.9973	48.45256	50.925926	1.1245987	52.52225	49.06258	1000.0	1000.0	791999	2.2878885	8.846019	40.396862	-25.927334	2.2878458	8.846021	40.539055	-26.262627	-2.3261313	0.038494736	19625.37589120865
199	53.69869	3.130479	57.829628	49.01162	58.188488	5.4523664	69.05808	52.29904	1000.0	1000.0	795999	2.2443879	8.90455	40.382065	-26.610651	2.2443318	8.904549	40.431747	-26.998657	-2.3055959	0.03855962	19686.66573548317
200	69.15598	9.192654	80.00952	56.04895	63.91572	3.5888307	72.06504	58.05035	1000.0	1000.0	799999	2.188149	8.951331	40.77837	-27.165747	2.188148	8.951363	40.57411	-27.277996	-2.2780566	0.039470125	19742.87785935402
201	61.341118	1.2758198	63.21021	59.634975	61.9034	4.153272	64.98822	49.784042	1000.0	1000.0	803999	2.179758	8.97429	40.6197	-27.566294	2.1797612	8.974371	40.339043	-27.70573	-2.226543	0.037488572	19799.34955763817
202	54.326023	4.983812	62.551674	49.40255	54.5501	7.6468496	60.41578	39.24071	1000.0	1000.0	807999	2.206502	8.980776	39.859657	-27.172441	2.206461	8.980734	39.7628	-27.320816	-2.2457643	0.035472956	19852.2914686203
203	57.686504	1.7924675	59.660423	54.80488	58.058308	6.197123	62.041603	41.207058	1000.0	1000.0	811999	2.214294	8.976644	40.155018	-26.114073	2.2142837	8.97663	39.960785	-26.21937	-2.2693293	0.03443495	19909.06174135208
204	58.66545	0.87813646	60.03371	57.792595	59.74131	1.1371205	62.21726	58.47206	1000.0	1000.0	815999	2.2335954	8.99637	40.467506	-23.86049	2.233551	8.996322	40.462532	-23.875473	-2.2921538	0.034161463	19962.608622550964
205	54.05592	1.355051	55.64634	51.907757	61.21223	6.3497715	70.45315	52.43978	1000.0	1000.0	819999	2.2575457	8.980015	40.41844	-22.984146	2.2575343	8.979948	40.327904	-23.025682	-2.3113344	0.033333793	20018.956921100616
206	53.028584	2.0434885	55.454926	50.335377	62.365673	5.1651177	68.80785	52.683662	1000.0	1000.0	823999	2.2778027	8.970552	40.33427	-22.348919	2.2778082	8.970543	40.219383	-22.399172	-2.3528874	0.032579567	20074.452266454697
207	55.64258	2.9606123	60.20117	52.2315	57.104992	5.2286835	72.09122	51.93228	1000.0	1000.0	827999	2.2741387	8.923172	40.359383	-20.879278	2.27411	8.923093	40.48033	-20.731382	-2.3217018	0.0318151	20130.965170383453
208	52.593212	1.8693328	54.491108	50.080734	51.29531	4.2605777	55.411663	39.858223	1000.0	1000.0	831999	2.2210345	8.848367	40.335884	-19.320818	2.2210286	8.84829	40.324665	-19.37372	-2.2565303	0.031435534	20187.842900276184
209	49.315613	5.0277743	53.454445	40.880035	54.674786	4.0542746	65.28034	49.78222	1000.0	1000.0	835999	2.194201	8.87383	40.319904	-18.889185	2.1941688	8.873814	40.565636	-18.836939	-2.2241971	0.03049591	20242.01675915718
210	52.25811	1.1908985	53.50184	50.292427	54.455536	1.3896297	57.85564	52.921448	1000.0	1000.0	839999	2.18355	8.900908	40.733727	-18.112732	2.1835475	8.900878	40.88786	-18.18696	-2.2429008	0.030650653	20298.008711099625
211	54.83431	1.0097586	56.06856	53.25642	58.30744	4.448579	70.94421	53.976463	1000.0	1000.0	843999	2.126666	8.880586	40.968433	-17.09221	2.1266747	8.880582	41.17664	-17.018454	-2.1850283	0.030594775	20353.087668418884
212	59.69304	6.161789	66.673836	51.688118	54.481243	4.2658944	62.76904	50.355186	1000.0	1000.0	847999	2.105029	8.892509	40.63673	-16.081947	2.1050355	8.892479	40.831394	-16.03896	-2.1187665	0.030843552	20412.04162979126
213	62.792625	9.866283	77.142525	52.52695	57.86908	5.7499633	66.74793	51.55569	1000.0	1000.0	851999	2.0822432	8.917768	40.96842	-16.041607	2.0822368	8.917743	41.15111	-15.840603	-2.1324248	0.03122857	20465.68390893936
214	53.497917	0.5150167	54.19074	52.88283	57.253754	2.3984895	60.138504	54.00473	1000.0	1000.0	855999	2.05644	8.920176	41.91139	-16.431374	2.0564501	8.92017	41.838615	-17.112879	-2.0846152	0.03149965	20521.806584358215
215	54.057693	0.83650357	55.296387	53.092587	61.375725	4.012223	66.653694	54.709663	1000.0	1000.0	859999	2.0329354	8.961796	42.304558	-15.940314	2.032934	8.961733	42.35691	-15.9744	-2.1105711	0.031251572	20577.94064950943
216	57.91308	5.838745	67.93443	53.449337	55.90738	4.9839454	66.595375	52.008614	1000.0	1000.0	863999	2.0359838	8.9749565	42.227787	-15.665714	2.035971	8.974964	42.26906	-15.715349	-2.0803246	0.031122671	20635.30836200714
217	56.97716	4.555928	64.643394	52.956955	58.150826	4.8466034	65.598854	52.01447	1000.0	1000.0	867999	2.024255	8.956199	41.915646	-15.851635	2.024283	8.956189	41.991306	-16.228315	-2.048835	0.03186105	20689.4684817791
218	60.877277	6.2089324	69.32022	54.325336	62.543983	4.2002654	68.290184	53.096474	1000.0	1000.0	871999	2.0397947	8.949603	42.08239	-15.398467	2.0397875	8.949545	41.897915	-16.014738	-2.0899262	0.031412467	20747.286540985107
219	52.11659	0.9638982	53.45691	51.058887	53.451958	1.3166142	55.240932	50.233025	1000.0	1000.0	875999	2.030271	8.88725	41.646217	-15.688117	2.0302646	8.887212	41.573124	-15.899748	-2.065449	0.03161581	20803.549345970154
220	54.52649	3.0112612	59.180916	51.473442	63.65989	7.787447	72.71013	50.317997	1000.0	1000.0	879999	2.047651	8.9108515	41.709652	-15.142149	2.04769	8.910881	41.845123	-15.801687	-2.1098535	0.03132498	20858.02848958969
221	55.154896	5.113428	63.865025	51.328983	54.357765	7.5551724	74.18416	49.15898	1000.0	1000.0	883999	2.056234	8.895289	41.659206	-15.007949	2.0562148	8.895331	41.66002	-15.649357	-2.0966759	0.031642836	20899.884541273117
222	70.20827	12.068813	78.36191	49.348507	73.48795	4.7961364	79.89735	62.15438	1000.0	1000.0	887999	2.0833232	8.869022	41.615017	-13.761592	2.0833235	8.869035	41.551186	-13.735838	-2.1243985	0.03110734	20936.65899658203
223	77.17494	1.7485893	78.78743	74.2697	74.78808	2.9176853	78.34389	70.26932	1000.0	1000.0	891999	2.0782862	8.819662	41.538105	-14.825726	2.078302	8.819658	41.60521	-15.505745	-2.1079543	0.031872213	20975.67765545845
224	78.20798	7.508647	90.408966	70.35414	72.8123	2.3137329	76.37127	66.87849	1000.0	1000.0	895999	2.113116	8.831868	41.2426	-13.874553	2.1131368	8.831894	41.480247	-15.320345	-2.1953552	0.032077607	21012.37593960762
225	80.85216	8.077426	90.90469	72.0928	76.32041	4.210187	85.130295	71.486534	1000.0	1000.0	899999	2.1326156	8.842112	41.10913	-12.433512	2.1326118	8.842135	41.244263	-12.80665	-2.1726248	0.032290306	21051.14085173607
226	62.699203	9.7927475	73.00418	52.02726	77.564766	6.3865075	88.2512	71.05598	1000.0	1000.0	903999	2.13311	8.799842	40.693153	-13.61242	2.1330876	8.799823	40.698414	-13.055261	-2.1728368	0.03161063	21087.881536245346
227	73.78948	3.4714615	77.41338	68.103065	73.184326	6.159075	80.77017	55.74415	1000.0	1000.0	907999	2.1514971	8.783191	40.814835	-12.378785	2.1514893	8.783176	40.695694	-12.592478	-2.2155457	0.03220574	21144.302348136902
228	73.67386	1.7215661	75.641205	70.94215	73.85602	5.928297	84.196526	62.2737	1000.0	1000.0	911999	2.2407336	8.846644	40.76365	-12.365875	2.2407362	8.846682	40.679577	-12.620044	-2.2665782	0.03329886	21200.816656589508
229	72.31196	7.4120264	84.55462	65.90331	71.58624	9.499472	81.95004	47.91926	1000.0	1000.0	915999	2.2895706	8.823609	40.872864	-10.713087	2.2895606	8.823546	40.729885	-10.947992	-2.354831	0.032512896	21259.15769791603
230	72.272804	6.5188613	78.80862	62.180996	56.7958	5.3269463	70.04596	52.903652	1000.0	1000.0	919999	2.3324468	8.819382	40.881714	-11.610056	2.332465	8.819378	40.90462	-12.535137	-2.3661563	0.031876672	21308.457856178284
231	71.6938	4.806678	78.769844	65.202	69.01439	7.410732	82.81911	53.698708	1000.0	1000.0	923999	2.3685946	8.872668	41.10873	-11.46322	2.3685904	8.872643	41.051243	-12.385728	-2.4162514	0.03245333	21352.005151987076
232	80.6904	5.0970836	86.79581	73.176765	71.22938	8.476093	85.706894	55.20679	1000.0	1000.0	927999	2.3623612	8.854593	41.33229	-11.276466	2.3623738	8.85463	41.232685	-12.2357235	-2.4041862	0.032751366	21393.476040124893
233	74.78386	2.831645	79.63689	72.55268	76.899254	1.3680376	78.7943	74.67309	1000.0	1000.0	931999	2.3866115	8.878233	41.21223	-11.540848	2.3866343	8.878209	41.131256	-12.205561	-2.4602735	0.032190192	21432.485098600388
234	71.469444	5.5510945	77.588356	65.14445	62.526142	4.986647	74.695946	58.23135	1000.0	1000.0	935999	2.420855	8.831178	40.923916	-11.749289	2.420876	8.831159	40.9485	-12.511205	-2.4746761	0.03270353	21473.0194272995
235	67.754036	4.9666677	74.391685	60.40571	64.34218	5.3442492	78.01718	59.324234	1000.0	1000.0	939999	2.4407308	8.856484	40.884933	-14.297677	2.4407241	8.856516	40.85487	-14.099289	-2.5006318	0.031615075	21512.645674943924
236	63.58161	7.0822773	70.890884	53.235962	56.25184	6.408384	73.570885	51.45356	1000.0	1000.0	943999	2.4365966	8.903332	41.19293	-14.504297	2.4366374	8.903368	41.18541	-14.555315	-2.467438	0.031387657	21552.569507598877
237	54.66577	1.6875216	57.03634	52.470203	55.47152	4.1965137	67.01739	51.54119	1000.0	1000.0	947999	2.3602593	8.8532	41.28863	-15.402933	2.3602602	8.853273	41.20857	-14.532932	-2.4060793	0.030702487	21595.072008132935
238	66.96974	8.35905	77.02795	53.91568	68.5677	10.702617	85.861855	52.208435	1000.0	1000.0	951999	2.4012537	8.937532	40.80889	-15.483163	2.401217	8.937529	40.82588	-15.6403055	-2.4304757	0.03182062	21633.804987430573
239	73.12521	7.39722	84.70537	66.037994	64.525215	2.8974442	71.170235	61.349987	1000.0	1000.0	955999	2.3541234	8.908652	40.730625	-17.432314	2.354102	8.908693	40.820393	-17.476192	-2.4165204	0.031506628	21676.828379392624
240	61.547447	8.016953	73.22611	53.879814	62.563652	5.911594	72.80896	52.791534	1000.0	1000.0	959999	2.3516338	8.964567	40.753105	-18.1004	2.3516226	8.964636	40.578583	-18.645914	-2.3913789	0.030238641	21718.178200483322
241	70.65501	9.553848	83.5855	60.302616	73.07414	8.130824	82.407036	54.525787	1000.0	1000.0	963999	2.347218	8.975651	41.291775	-19.520237	2.3471992	8.975663	41.05026	-20.56999	-2.3624134	0.03105862	21760.9831430912
242	68.266685	3.6878488	71.488594	62.00046	73.839386	6.2592688	81.66495	65.030464	1000.0	1000.0	967999	2.3067634	8.989955	41.60489	-20.10347	2.30674	8.990051	41.413174	-19.984388	-2.3475177	0.030943181	21803.449850797653
243	74.99545	7.1470523	83.04498	65.692154	77.84862	6.6294007	84.32784	67.8187	1000.0	1000.0	971999	2.33065	9.003515	41.7496	-20.59131	2.3306758	9.003541	41.702484	-20.576897	-2.3907032	0.031676266	21845.678755760193
244	78.97459	7.533456	91.901794	73.61418	76.30099	6.456871	82.30013	63.78214	1000.0	1000.0	975999	2.3616905	8.9557295	41.611687	-20.299118	2.3616712	8.955756	41.660778	-19.80889	-2.4284441	0.03179436	21889.78568339348
245	79.299805	4.6285667	84.50047	72.16907	73.70241	4.8870044	81.86152	67.46829	1000.0	1000.0	979999	2.428959	8.929364	41.67214	-22.211267	2.4289565	8.929394	41.423347	-22.444756	-2.4752092	0.031836335	21931.809828281403
246	73.624466	7.7829204	84.01991	65.27125	79.438866	6.8631577	88.28402	68.41361	1000.0	1000.0	983999	2.455534	8.96422	42.155685	-22.215555	2.455514	8.964252	41.911232	-22.659872	-2.4991124	0.030227726	21974.841008901596
247	71.35623	3.9448	77.31823	66.24641	68.99591	2.7158961	74.40915	66.20259	1000.0	1000.0	987999	2.4362087	8.950888	42.194973	-21.903828	2.4362195	8.950996	42.026985	-22.518927	-2.4780478	0.02996957	22014.86140346527
248	64.731964	1.5665092	67.11001	62.774776	78.25857	3.6787832	83.30588	72.96192	1000.0	1000.0	991999	2.4741707	8.96867	41.972237	-20.75508	2.4741445	8.968688	41.983524	-20.386238	-2.52012	0.030473894	22055.332676172256
249	75.72836	5.389953	84.527	70.023705	75.45477	4.373947	79.647224	66.27864	1000.0	1000.0	995999	2.5273793	9.006441	42.08477	-20.89185	2.5273693	9.006532	41.849308	-21.287756	-2.5791407	0.0314496	22096.371082544327
250	71.89229	4.1653304	75.459946	64.876945	76.00999	3.056126	84.830086	73.39149	1000.0	1000.0	999999	2.571534	9.0101795	42.1237	-23.301758	2.5715356	9.010173	41.88907	-23.32196	-2.6171992	0.031111449	22143.22388458252
